6132,9668,9670
6133,9666,9668
6172,9742,9670
6169,9734,9668
6137,9670,9746
6173,9746,9734
6136,9670,9672
6170,9734,12036
6138,9672,9674
6168,9732,9734
7021,11990,9742
6167,9730,9732
7020,11988,11990
7042,12030,9746
6166,9729,9730
6139,9674,9676
7043,12036,12038
6186,9773,9729
7041,12028,12030
6174,9746,9748
6140,9676,9662
2519,3142,9773
7044,9664,9666
6128,9660,9662
6126,9658,9664
7045,12038,12040
6175,9748,9749
2517,3141,3142
7019,11986,11988
6127,9659,9660
6130,9660,12024
7040,12026,12028
7022,11990,11992
7039,12024,12026
6155,9702,9660
6129,9660,9706
7023,11992,11994
7046,12040,12019
7024,11994,11996
4133,5716,9742
6135,9668,9738
2518,3142,3144
6197,9787,3142
4130,5714,5716
2516,3141,1065
1766,2195,5714
7037,12019,12020
810,1041,2195
7038,12020,9684
6154,9701,9702
4131,5714,17926
6196,9786,9787
6125,9656,9658
1765,2195,4458
6176,9749,3141
8708,15699,9786
6156,9706,9708
6146,9684,9653
6122,9653,9654
4132,5716,5718
4134,5718,4299
3326,4299,1746
1390,1746,2892
2520,3144,9756
2319,2892,2894
6195,9786,1066
797,1029,1041
6157,9708,9710
7025,11996,11998
796,1029,1030
3425,4458,3460
6124,9654,9656
7018,11984,11986
6165,9726,9701
6193,9784,9786
8709,15699,15700
1768,2198,17926
6194,9784,17709
3327,4299,4300
7026,11998,12000
6164,9724,9726
1391,1746,5724
9368,17561,4458
829,1066,9866
7017,11982,11984
828,1066,1068
4135,5724,4809
6145,9682,9684
9533,17926,17928
1388,1744,1746
8710,15700,15702
827,1065,1066
6177,9756,9758
8711,15702,15704
7027,12000,11957
6163,9722,9724
6238,9866,9868
3426,4458,15348
798,1030,1032
2740,3460,3462
2741,3462,3464
809,1041,1042
1764,2195,2196
830,1068,1070
703,855,1029
6158,9710,9712
6191,9782,9784
9447,17709,17732
6431,10340,9701
6239,9866,19802
1409,1761,15699
11706,23407,15702
1410,1761,16480
705,858,1042
8606,15348,16942
7028,12000,18276
799,1030,20730
9456,17732,19811
10372,19806,1068
702,855,856
6131,9662,12046
6123,9653,9688
11793,23614,856
811,1042,2198
808,1040,10340
1408,1761,1762
800,1032,1034
807,1040,10324
8712,15704,15706
6144,9680,9682
704,856,858
6148,9688,10032
6147,9688,9690
694,840,9782
802,1034,1036
805,1038,1040
832,1072,9782
1386,1743,1744
1387,1743,3098
8713,15704,23416
8744,15754,15706
9396,17615,17561
9189,16942,12018
8743,15752,15754
8734,15740,15700
2217,2744,1743
2742,3464,3466
9446,17709,17710
6150,9690,10036
6312,10032,5728
11730,23462,15700
10720,20730,3184
11703,23401,23416
6192,9782,15712
2542,3182,3184
6314,10036,10038
9259,17316,10032
7035,12016,12018
11792,23612,23614
9257,17315,17316
1124,1432,1040
5343,8085,12016
8716,15710,15712
843,1094,1432
6316,10038,10040
11794,23614,23616
9448,17710,17712
804,1036,1038
9054,16480,3799
8717,15710,23420
4136,5728,4577
9455,17732,17734
2485,3092,2744
8726,15726,1070
10374,19811,19816
4129,5704,855
2981,3799,3800
6240,9868,9791
8718,15712,2795
3525,4577,4578
8741,15750,15752
6313,10036,10024
7290,12478,1072
801,1032,3188
2743,3466,3468
831,1070,1072
8725,15724,15726
9457,17734,17736
2744,3468,3470
9258,17315,17352
6198,9791,448
9055,16480,23384
10373,19811,15716
6143,9678,9680
10371,19804,19806
8715,15708,15710
5342,8085,8086
11795,23616,23611
695,840,10408
8739,15748,15750
6190,9778,840
6471,10408,12470
3526,4577,5732
7003,11957,11958
9397,17615,17583
5344,8086,2743
11690,23384,23386
6162,9720,9722
7286,12468,12470
1117,1424,3182
11702,23401,15708
2745,3470,3472
692,838,840
6178,9758,9760
6149,9690,9692
11713,23416,23407
11707,23407,23462
1120,1428,1036
9451,17716,17710
4137,5732,4644
6770,11374,1428
11692,23386,23412
2216,2743,2744
2983,3800,3802
9694,18266,17615
833,1072,10408
9380,17583,17618
6151,9692,9694
8742,15752,15738
2739,3458,3460
6306,10024,10026
10930,21394,18266
8724,15722,15724
6422,10324,10326
1123,1430,1432
7291,12478,15720
2746,3472,3474
6179,9760,9762
942,1214,4644
11789,23608,5704
10929,21392,21394
9450,17714,17716
2255,2795,836
7036,12018,18276
6141,9677,9678
2543,3184,1032
3569,4644,10021
9398,17618,17620
398,448,9818
11700,23398,3800
693,838,1928
11791,23611,23612
8167,14284,9818
691,836,838
7287,12468,17670
1127,1434,10326
2541,3178,1424
6962,11810,10340
1119,1426,1428
2984,3802,834
940,1213,1214
1121,1428,1430
7288,12470,829
6152,9692,10024
9428,17670,17654
1767,2196,2198
941,1213,2278
10375,19816,19818
3361,4360,2278
6171,9738,5718
2491,3105,4360
7285,12466,17654
1389,1744,8092
1115,1422,1424
7284,12466,12468
7004,11958,11960
6199,9791,9792
3360,4360,1214
6309,10026,19456
708,860,858
3568,4644,2273
6308,10026,10028
1118,1426,1100
7016,11980,11982
11701,23398,23412
6159,9712,9677
9369,17561,17562
9458,17736,17738
6189,9776,9778
690,834,3806
841,1092,1094
8714,15706,15708
848,1100,5298
6311,10028,10048
6187,9775,9776
8738,15748,15734
6473,10410,12478
7005,11960,11962
11714,23420,23401
1114,1422,1104
6211,9818,12418
3662,4809,4810
11798,23625,23608
6472,10410,10412
5345,8092,8094
2490,3105,2280
6315,10038,10026
6307,10024,19440
707,859,5704
3664,4810,4812
11699,23396,23398
6188,9776,829
397,448,8322
6759,11352,1094
2544,3188,3190
1126,1434,1436
7266,12426,14284
3663,4809,5728
10928,21390,21392
9274,17348,17315
11698,23394,23396
1839,2273,5738
1130,1436,10328
1840,2274,1213
6476,10420,12426
6470,10408,10410
2215,2743,1744
1113,1421,1422
4139,5738,5365
803,1034,1426
11786,23602,23608
682,829,830
9361,17544,3458
3913,5298,3116
851,1104,1106
11799,12046,9726
6317,10040,10042
7282,12464,12466
6153,9694,4637
3929,5332,1092
6318,10042,10044
5346,8094,8096
9370,17562,17564
1122,1430,1096
7263,12422,10420
8197,14356,9775
11697,23392,23394
10376,19818,15714
395,447,448
1838,2273,2274
850,1102,3178
8730,15732,15734
689,834,836
838,1090,1106
3527,4578,4580
3945,5365,3313
6200,9792,9802
1843,2282,5365
2639,3313,1974
6963,11810,21289
688,833,834
9273,17346,17348
8737,15746,15748
6210,9812,8322
2496,3114,3116
9693,18265,18266
1125,1432,1434
5347,8096,8098
1112,1421,859
8736,15746,15732
7259,12420,12426
10155,19290,1928
6203,9794,9812
685,830,19252
5022,7519,1090
3912,5298,16
840,1091,1092
846,1098,11374
11695,23390,23392
2121,2609,12478
8723,15720,15722
6201,9793,9794
7264,12422,12464
9272,17344,17346
6961,11809,11810
16,16,5302
8605,15346,15348
11785,23602,23604
847,1100,1102
8720,15714,15716
709,860,862
1945,2406,10420
13,14,16
9459,17738,15718
8604,15344,15346
5467,8322,8324
6475,10416,2406
7289,12470,9778
1943,2405,2406
1588,1974,3316
9275,17352,17354
3914,5302,130
683,829,19151
26,28,5332
10896,21316,21289
8728,15729,15746
842,1094,1096
10088,19151,19152
2540,3174,5298
10882,21289,21290
10370,19802,19804
6424,10328,10330
10,8,1090
8731,15734,15736
10895,21314,21316
853,1106,11362
5021,7519,6
122,130,132
10194,19380,19290
10193,19378,19380
9271,17342,17344
845,1098,1100
14,14,3172
2545,3190,3192
214,234,132
7265,12426,2405
9349,17524,3190
7260,12420,14244
8603,15342,15344
6206,9800,9802
9419,17654,17650
839,1090,3174
1132,1438,10330
3930,5332,10059
4138,5738,5349
710,862,23632
6423,10326,10328
15,16,18
849,1102,1104
11787,23605,23602
3567,4637,3105
6207,9802,9804
9379,17583,17584
8732,15736,15738
2853,3614,234
2737,3456,3458
684,830,19242
6202,9794,9796
9,8,10
11710,23412,23432
8727,15729,15730
2537,3168,14
8733,15738,15740
6474,10412,2610
2747,3474,3476
3946,5365,4196
1129,1436,1438
121,128,130
2536,3166,3168
2851,3613,3614
3359,4359,4360
2640,3316,2200
10544,20224,1762
5023,7519,11368
6760,11352,11354
1411,1762,3802
8160,14244,1777
7015,11978,11980
844,1096,1098
9276,17354,17356
9277,17356,17358
8722,15718,15743
11694,23388,23398
6180,9762,9764
10192,19376,19378
2641,3316,3318
9416,17650,10416
1587,1972,1974
7261,12421,12422
1769,2200,5338
2982,3799,16484
10137,19252,19254
2120,2609,2610
2547,3194,18265
2497,3116,11352
3259,4194,4196
10138,19254,19256
9360,17542,17544
7,6,8
10191,19374,19376
2538,3172,3174
8735,15743,15729
2484,3091,3092
8729,15730,15732
6205,9798,9800
806,1038,1430
24,26,28
1424,1777,4482
7283,12464,17650
3936,5349,5350
2546,3192,3194
6319,10044,10028
11790,23608,23628
2738,3456,17522
6767,11368,860
8719,15713,15714
6768,11368,11370
6769,11370,11372
215,234,3618
3566,4637,2282
8161,14244,12460
10133,19242,19244
103,108,128
2486,3098,3100
11800,23632,23634
3931,5338,1956
11784,23601,23602
6204,9796,9798
1578,1954,1956
7281,12460,12427
3258,4194,3268
3257,4193,4194
2748,3476,3478
1586,1970,1972
706,859,860
2749,3478,3480
6761,11354,26
9270,17340,17342
2122,2610,10416
9057,16484,23410
10883,21290,21292
9381,17584,17586
7267,12427,12428
3915,5302,3165
2638,3313,553
10545,20224,23420
7006,11962,11964
2604,3268,3270
19,20,3114
7007,11964,11966
9449,17712,17714
9348,17522,17524
25,28,30
1585,1968,1970
104,108,1084
488,553,554
11696,23390,23396
9395,17612,17584
2642,3318,3320
1116,1424,1426
2850,3613,138
1944,2405,2609
6762,11354,11356
837,1084,57
2539,3174,1102
6325,10059,10051
2493,3107,5302
6209,9810,8324
3443,4482,4484
9427,17670,10412
6477,10420,14244
6305,10021,4812
8721,15716,15718
1842,2280,2282
7008,11966,11968
2534,3165,57
1558,1928,9776
8,6,58
2495,3110,20
3935,5349,3265
6237,9861,9810
9297,17396,8098
3444,4482,9860
1841,2278,2280
1078,1388,9810
6,5,6
6320,10048,10050
3442,4480,4482
1076,1387,1388
55,57,58
2256,2795,20224
8158,14242,4480
10190,19372,19374
11693,23388,23390
2487,3100,3102
2855,3618,9292
6764,11362,11364
22,24,26
29,30,20338
3260,4196,3270
102,106,108
5954,9292,9294
2481,3086,14242
124,132,134
56,58,105
836,1080,108
6310,10028,5732
126,134,136
5953,9292,120
1305,1643,1084
2852,3614,136
2600,3265,1625
128,136,138
10210,19440,19442
3440,4479,4480
6233,9858,4484
9073,16535,11352
6232,9857,9858
1584,1966,1968
396,447,9806
9371,17564,17566
852,1106,1421
7270,12429,12421
3937,5350,3266
10134,19244,19246
1294,1625,1626
2645,3320,21900
9372,17566,17568
11122,21900,21902
2488,3102,3104
112,118,120
7269,12428,14357
2494,3108,3110
6236,9860,14242
6765,11364,11366
2643,3318,21938
6235,9860,3085
2601,3265,3266
10884,21292,21294
3951,5382,3613
9373,17568,17570
5955,9294,467
7262,12421,12427
1579,1956,1958
12,12,14
10189,19370,19372
6142,9677,9716
1423,1777,1778
123,130,3618
11123,21902,21904
489,554,9957
7258,12418,12420
6181,9764,9766
127,134,1650
1295,1625,5746
2736,3454,3456
11801,23635,23605
9269,17338,17340
10135,19246,19248
11128,21910,1958
3952,5382,9284
6208,9806,9808
111,116,118
10569,20335,30
130,138,140
2606,3270,5354
4141,5746,19850
10214,19448,19442
9289,17378,17396
10894,21312,21314
1577,1952,1954
109,114,116
2605,3268,5354
6766,11366,11368
1313,1650,238
8198,14357,14358
1099,1409,114
27,28,20344
10927,21388,21390
212,232,234
11719,23432,23384
6426,10330,10332
8199,14357,14544
7268,12427,19222
3938,5350,3268
6182,9766,9768
9056,16484,16486
17,18,20
28,30,32
5948,9284,19708
11708,23409,23410
6161,9718,9720
6830,11536,140
11124,21904,5358
2602,3266,3268
3954,5388,11536
11127,21909,21910
9074,16535,16536
3445,4484,12460
7280,12460,12422
1576,1950,1952
1580,1958,1960
100,105,106
10213,19446,19448
31,32,20346
3939,5354,3322
10212,19444,19446
7009,11968,11970
6685,11055,5746
133,140,9280
5946,9280,5382
10327,19708,19705
2603,3266,19878
6160,9716,9718
10893,21310,21312
10386,19850,19904
1583,1964,1966
9872,18636,3086
3950,5380,5382
108,112,114
2854,3618,1080
5947,9284,9286
5950,9286,9288
216,238,240
10188,19368,19370
11,10,12
6425,10328,10346
10142,19262,12421
2489,3104,17320
114,120,1410
6960,11805,10332
7014,11976,11978
10409,19904,19906
11691,23386,23388
10325,19705,5380
10022,19018,14357
1310,1649,1650
210,230,232
10926,21386,21388
1131,1438,1440
3953,5388,5390
9058,16486,22852
9278,17358,17360
11709,23409,23440
5943,9272,3107
1101,1410,1412
6234,9858,9860
9287,17376,17378
30,32,34
5028,7524,1091
101,105,20356
416,467,468
6829,11532,1440
6763,11356,5332
1103,1412,122
11721,23436,23409
5945,9280,2260
10925,21382,21386
1581,1960,1962
6278,9957,9958
11802,23639,5
116,122,230
10385,19850,19852
10892,21308,21310
835,1076,467
3940,5354,5372
417,467,1080
10410,19906,19908
132,140,142
7278,12454,9858
5949,9286,3614
4140,5746,318
10021,19017,19018
3441,4480,1778
1582,1962,1964
2647,3322,10980
2009,2477,18636
20,22,24
10046,19068,19018
5941,9262,5390
1819,2258,5380
10412,19908,19970
1818,2258,2260
113,120,122
9359,17540,17542
3947,5372,5374
21,22,9272
1311,1649,5388
2734,3453,3454
280,316,318
11720,23435,23436
1104,1412,1414
11145,21935,1950
1128,1436,1092
7011,11970,15340
3941,5358,5360
134,142,144
18,20,22
1077,1387,9870
10139,19256,19258
1100,1409,1410
279,314,316
3943,5360,21886
10124,19222,19224
11451,22846,9810
10411,19908,19910
1105,1414,124
6676,10980,21944
110,114,1074
11171,21994,21909
135,144,146
10442,19970,19972
23,24,16535
11453,22852,23422
1426,1778,12420
10923,21380,21382
4176,5806,11536
11715,23423,23422
3956,5390,4113
54,57,8
8525,15142,2477
11450,22844,22846
2480,3085,3086
5708,8712,1966
9871,18634,18636
11152,21950,21944
1425,1778,1780
138,146,9246
10136,19248,19141
7277,12452,12454
1133,1440,1442
10123,19218,19141
9260,17320,17322
1821,2260,5281
3942,5360,5362
11788,23605,23638
1102,1410,9204
3927,5328,22844
3955,5390,36
281,318,19846
5944,9279,9280
9261,17322,17324
6183,9768,9770
6184,9770,9772
5915,9204,798
10485,20062,19878
10045,19066,19068
655,797,798
9394,17610,17612
10924,21382,17582
6185,9772,9986
5027,7522,11532
3195,4113,32
35,36,207
218,240,15757
6427,10332,10334
125,132,238
9288,17378,17380
184,207,208
5940,9258,5806
8163,14256,12452
10484,20060,20062
5026,7522,7524
10083,19141,19142
129,136,1649
6290,9986,9988
10044,19064,19066
137,146,148
140,148,146
2535,3165,3166
11120,21896,5362
10326,19705,19706
10885,21294,21296
8526,15142,14256
4175,5806,9262
9393,17608,17610
2750,3480,3482
9374,17570,17527
3261,4196,4198
6986,11900,148
117,124,126
657,798,800
3907,5281,1418
6675,10980,10982
10394,19878,19880
10768,20914,19017
9335,17484,148
217,240,242
8286,14544,14546
2010,2478,14256
213,232,9292
10767,20912,20914
11115,21886,21888
1109,1418,1420
10413,19910,19912
6428,10334,1442
6241,9870,9872
8159,14242,9861
33,34,11524
6113,9633,12452
5951,9288,232
5908,9182,1414
8288,14546,17662
278,312,314
5933,9245,9246
2492,3107,3108
9382,17586,17588
11116,21888,21890
660,800,9308
10922,21378,21380
9334,17482,17484
3923,5326,5328
2735,3453,17548
10084,19142,19144
9333,17480,17482
10397,19880,19990
10408,19900,19880
6678,10982,21916
1110,1418,5284
11117,21890,21892
1575,1948,1950
834,1074,1076
3909,5284,5286
7010,11970,11972
10766,20910,20912
1108,1416,1418
2751,3482,3484
6323,10054,207
3944,5362,1401
11121,21896,21898
1519,1877,2200
1083,1391,9182
4170,5796,9279
131,138,5388
10187,19366,19368
10891,21306,21308
5934,9246,5790
9268,17336,17338
10211,19442,19444
8287,14546,14548
11131,21916,21918
10414,19912,19914
1134,1442,1444
1135,1444,1446
3196,4113,9268
8289,14548,14550
2644,3320,3322
6328,10064,1401
5952,9288,17783
1312,1649,9268
662,802,1391
5024,7521,1444
6324,10054,7522
139,146,11542
3926,5328,20182
11132,21916,21956
98,102,9245
9296,17392,17322
10886,21296,21298
39,40,9262
7276,12452,9640
11133,21918,21920
9321,17436,11900
11180,22026,10064
120,126,5281
1137,1446,559
6988,11900,17490
107,110,112
6242,9872,9874
1518,1877,1878
119,126,2258
5960,9308,1412
11143,21933,1878
5909,9182,9308
5916,9204,9196
9267,17334,17336
4167,5790,9250
219,242,24
8527,15152,7521
186,208,210
11146,21938,21940
10154,19288,19290
5914,9196,17504
211,230,15692
1574,1947,1948
1111,1420,11564
9423,17657,14548
5939,9256,9258
659,800,802
5911,9188,800
6279,9958,555
11722,23440,23442
5935,9246,11548
6827,11524,11526
6843,11564,11566
661,802,804
8162,14256,8316
1820,2260,2262
663,804,806
5936,9250,9252
10388,19852,19944
10407,19898,19900
11461,22878,102
185,207,7521
9870,18632,18634
6116,9638,9640
97,102,104
5896,9148,9182
9308,17406,9252
11114,21883,1952
9332,17479,17480
4166,5790,144
4165,5788,5790
11452,22852,539
9306,17406,5788
6216,9826,15152
9350,17527,17528
9474,17783,17781
3928,5330,15142
3910,5284,9148
3925,5328,5330
8745,15757,15758
496,559,5808
490,555,556
96,100,102
9352,17528,17530
1816,2256,2258
6844,11566,1389
5446,8294,5330
3911,5286,806
11157,21964,21933
4169,5796,5798
1082,1391,1392
11118,21892,21894
4163,5786,5788
11153,21956,21931
11151,21948,21950
6677,10982,10984
11150,21946,21948
1084,1392,1394
9320,17434,17436
7012,11972,11974
5025,7521,7522
32,34,36
491,556,558
492,558,4272
11144,21933,21968
5938,9254,9256
11156,21962,21964
5462,8315,9633
1520,1878,1880
10539,20182,20184
10415,19914,19916
6943,11768,11805
9869,18630,18632
9351,17527,17574
10416,19916,19918
10765,20908,20910
11170,21993,21994
9319,17432,17434
11174,21996,21956
11149,21944,21946
6327,10062,10064
10451,19986,19900
11113,21881,1948
34,36,38
664,804,1392
9362,17548,17550
9358,17538,17540
9279,17360,17362
5913,9196,1409
656,797,9196
665,806,808
6243,9874,9876
11138,21928,21918
4162,5784,5786
4164,5786,5834
4189,5830,559
9290,17380,17382
10570,20346,11526
3308,4272,4524
1136,1444,11764
1106,1414,1416
9353,17530,17532
11141,21931,21960
8706,15692,15694
6990,11902,22878
10125,19224,19226
6322,10052,10054
10417,19918,19920
6987,11900,11902
1822,2262,5798
1091,1401,1402
6834,11540,11542
5461,8315,8316
493,558,9998
10085,19144,19146
6941,11764,10336
2985,3802,20230
6296,9998,10000
6295,9996,9998
10452,19990,19992
5961,9308,9204
9266,17332,17334
10043,19062,19064
11140,21931,21932
9336,17490,17492
9339,17496,17479
9473,17781,17782
494,559,560
9307,17406,5790
3924,5326,20736
11147,21940,21942
9363,17550,17552
5460,8314,8315
11142,21932,22002
3948,5374,312
6866,11614,11566
11134,21920,21922
10764,20906,20908
115,122,124
495,559,1450
5463,8316,8300
141,148,11900
3908,5281,11557
6215,9824,9826
277,310,312
10429,19944,19946
94,99,100
638,782,11614
1845,2283,556
5912,9192,797
6321,10051,10052
11119,21894,21896
10141,19260,19262
1107,1416,126
1079,1389,779
10571,20362,99
5707,8710,8712
507,571,10984
8740,15750,15736
95,99,524
6942,11768,11770
9265,17330,17332
10153,19286,19288
11159,21970,21942
6836,11542,146
10406,19896,19898
6867,11614,11616
9367,17558,17552
11155,21961,21962
10042,19060,19062
4298,6018,99
461,524,526
9337,17492,17494
5918,9208,9192
6291,9988,9990
635,779,11572
4299,6018,18938
11176,22002,22004
11137,21926,21928
9375,17574,17576
10122,19216,19218
11723,23442,23435
4168,5794,5796
1080,1389,1390
9305,17404,17406
11135,21922,21924
4160,5782,5784
1815,2254,2256
636,780,782
9315,17425,17406
6429,10334,10336
11125,21907,1880
9300,17400,9254
187,210,700
6846,11572,11574
5445,8293,8294
9302,17400,17406
4188,5828,5830
10405,19894,19896
10763,20904,20906
3419,4449,2283
275,308,310
10126,19226,19228
10186,19364,19366
10127,19228,19230
11130,21914,21916
6946,11775,11540
462,524,534
6947,11775,11786
5450,8298,8300
11167,21986,21961
1092,1401,5342
666,806,9164
9295,17390,17392
2008,2477,2478
6835,11540,11775
136,144,5794
8602,15340,15342
11148,21942,21974
11166,21986,21907
3307,4272,4521
4171,5798,5800
6297,9998,16476
1095,1402,1404
9868,18628,18630
7279,12454,17660
10430,19946,19948
11129,21913,21914
1814,2253,2254
6266,9932,8298
5706,8708,8710
6681,10987,308
9996,18938,18940
3305,4271,4272
3932,5342,5344
6117,9640,15140
9298,17399,17400
3472,4521,3199
9286,17374,17376
10396,19880,19882
5894,9142,9164
472,532,534
3306,4272,4274
473,534,536
10443,19972,19974
37,38,20360
5451,8298,8318
10028,19030,20904
5898,9158,780
220,242,9272
5899,9161,802
11126,21907,5344
11139,21928,21930
5465,8318,8293
36,38,40
8524,15138,15140
9376,17576,17578
1093,1401,10069
4159,5780,5782
10543,20192,20362
1887,2337,1404
6948,11784,11786
1189,1506,17504
53,56,9932
10395,19878,20066
5452,8300,8302
38,40,42
6298,10000,4276
10121,19214,19216
10390,19856,5374
469,530,532
11158,21968,21970
50,54,56
10387,19852,19854
5895,9148,1416
497,560,562
4172,5800,11539
477,539,540
10486,20066,20068
11460,22874,11902
6271,9938,8314
623,768,9142
6267,9932,9934
274,306,308
11136,21924,21926
470,530,14272
622,768,770
624,770,772
3934,5344,1882
11160,21974,21976
460,523,524
627,772,9188
5902,9164,9166
10120,19212,19214
6680,10984,3323
9316,17425,17466
272,302,2337
1188,1504,1506
575,700,702
10418,19920,19922
4206,5859,772
10483,20058,20060
2755,3490,4524
40,42,44
5959,9301,5284
10887,21298,21300
1085,1392,9148
6869,11618,11539
6294,9994,9996
2649,3323,19868
6951,11786,17429
6293,9992,9994
276,308,10990
10542,20190,20192
6944,11770,11772
3949,5374,10990
6868,11616,11618
626,772,774
10431,19948,19950
6831,11539,11540
6847,11574,9168
642,786,11614
9364,17552,17554
10389,19854,19856
10419,19922,19924
6430,10336,11768
3474,4524,4888
42,44,46
10128,19230,19232
3473,4521,4890
6268,9934,6014
51,54,20190
10450,19984,19986
10041,19058,19060
10086,19146,19148
6865,11610,782
2753,3488,3490
10403,19890,19918
10453,19992,19994
4157,5778,5780
52,56,8297
10420,19924,19926
10888,21300,21302
9312,17416,17400
10436,19958,19854
10540,20184,20186
476,538,11784
628,774,776
5942,9268,242
8164,14268,530
43,46,48
4292,6012,6014
5904,9168,11578
6682,10990,571
10032,19038,19058
9328,17468,17399
4289,6008,9938
11731,23476,23423
10140,19258,19260
11179,22024,22026
10027,19028,19030
8166,14272,794
9366,17556,17558
49,53,54
11718,23426,23476
3711,4890,3450
118,124,2256
106,109,1504
5449,8297,18254
10129,19232,19234
6838,11548,5846
5453,8300,9934
10130,19234,19236
2730,3448,3450
4207,5859,5860
11716,23423,23424
475,536,538
4297,6016,9932
9280,17362,17364
5907,9170,5860
9636,18147,8293
4195,5844,5846
9378,17580,17582
8165,14268,20101
481,544,558
9327,17466,17468
1094,1401,11116
9688,18254,18256
4158,5778,18248
6329,10069,10070
11154,21960,22008
1315,1653,14268
7013,11974,11976
6270,9936,9938
2729,3446,3448
5893,9142,804
10404,19892,19894
651,794,796
9685,18244,44
10030,19036,19038
10428,19938,19856
4187,5826,5828
9997,18940,18942
2646,3322,5358
474,534,2266
4177,5808,5810
5447,8297,8298
625,770,9161
10402,19890,19892
11161,21976,21978
6848,11578,11580
4290,6010,6012
2754,3490,3492
1521,1880,1882
44,48,50
11724,23445,23426
10026,19026,19028
5459,8312,8314
9285,17372,17374
644,787,11784
6840,11554,50
498,562,564
3309,4274,4276
9383,17588,17590
466,529,530
4156,5776,5778
273,304,306
9301,17400,9256
5458,8310,8312
653,796,529
5705,8706,8708
637,782,784
6330,10070,10072
11165,21984,21986
9998,18942,18944
5903,9166,9168
631,776,778
11459,22868,787
633,778,11716
9970,18880,15138
8522,15136,15138
9314,17418,17400
10449,19982,19984
1828,2266,788
10427,19936,19938
10921,21376,21378
9281,17364,17366
10421,19926,19928
4294,6014,1653
5900,9161,9142
1826,2265,532
6842,11560,1420
10909,21348,21376
9519,17872,14272
506,571,306
1316,1654,6016
10470,20028,19938
9384,17590,17592
10920,21372,21348
10031,19038,19040
652,794,10422
10546,20230,23403
1817,2256,9286
271,302,304
649,792,794
10907,21347,21348
467,529,9924
10033,19040,19042
9385,17592,17594
632,778,9192
41,42,5806
10025,19024,19026
10422,19928,19930
6213,9822,9824
2731,3450,3451
500,566,42
6292,9990,9992
9867,18626,18628
6828,11526,10054
5704,8704,8706
10504,20101,6010
6679,10984,304
10424,19930,19962
1138,1450,5322
10435,19956,19958
6272,9938,9940
646,788,832
1319,1658,6008
2732,3451,2460
47,50,9214
2479,3085,2478
11164,21982,21984
48,52,53
5454,8302,8304
9392,17606,17608
667,808,779
10505,20101,20094
6212,9820,9822
10029,19034,19036
10541,20186,54
6950,11786,11775
647,790,792
2752,3484,3486
648,790,2265
6261,9924,9926
1081,1390,5286
10911,21352,21347
9318,17430,17432
10119,19210,19212
576,702,704
9357,17536,17538
6269,9934,9936
5919,9214,9216
6273,9940,6076
3310,4276,5121
9317,17429,17430
1827,2265,2266
8521,15134,15136
9262,17324,17326
6832,11539,11813
10487,20068,20070
270,300,302
4327,6075,6076
620,766,768
1993,2459,2460
4286,6006,6008
527,608,19034
1994,2459,4898
9282,17366,17368
4173,5800,11560
6478,10422,10424
10482,20056,20058
6940,11760,778
10024,19022,19024
3713,4898,250
6833,11540,9297
6864,11608,11610
11705,23403,23413
10910,21350,21352
10118,19208,19210
5910,9183,5859
9299,17399,17472
650,792,17870
9687,18248,18244
4196,5846,11552
9377,17578,17580
3824,5121,4894
479,542,544
3933,5342,22024
6939,11758,11760
9263,17326,17328
10426,19934,19936
639,784,1107
9313,17416,17418
5956,9297,5796
6304,10016,4898
11287,22290,566
105,109,110
10502,20094,17882
5897,9156,9158
3922,5324,5326
10469,20026,20028
9053,16476,545
9060,16506,790
3958,5396,832
46,50,52
9999,18944,56
11162,21978,21980
4291,6010,9936
9294,17388,17390
9291,17382,17384
1995,2460,2351
6964,11813,787
11725,23445,23446
10890,21304,21306
11726,23446,23448
9326,17462,17425
10185,19362,19364
229,250,252
99,104,102
11172,21995,21996
9969,18878,18880
10434,19954,19956
640,785,786
4202,5854,9156
10448,19980,19982
4186,5824,5826
4295,6014,6016
687,832,1110
4201,5852,5854
10023,19020,19022
5932,9242,48
11288,22290,22294
856,1108,1110
4178,5810,5812
7072,12099,15134
10087,19148,609
3825,5121,10006
10401,19888,19890
11289,22294,22296
465,528,14268
10131,19236,19238
10391,19868,299
8707,15694,2253
4111,5668,19020
6303,10014,10016
6262,9924,19426
9866,18624,18626
4296,6016,6018
654,796,6248
6112,9633,9634
9293,17386,17388
10206,19426,17824
528,609,610
9356,17534,21350
9952,18840,608
10488,20070,20072
10423,19930,19932
4285,6004,6006
5928,9232,5824
10454,19994,19996
9865,18622,18624
526,606,608
621,766,1944
10432,19950,19952
9686,18244,18246
6837,11542,11540
634,779,780
10889,21302,21304
9864,18621,18622
10481,20054,20056
463,526,528
1318,1656,1658
9325,17460,17462
6229,9850,8293
3044,3896,796
6302,10012,10014
9518,17870,17872
629,774,2354
9507,17846,1656
6849,11580,761
9951,18838,18840
5464,8316,8318
6479,10422,16506
858,1110,1122
9386,17594,17596
1898,2354,9314
7275,12438,1658
9387,17596,17598
1522,1882,1947
9284,17370,17372
686,832,785
11295,22310,702
9354,17532,17534
854,1107,1108
9365,17554,17556
582,712,22310
529,609,18884
10132,19238,19125
10444,19974,19976
10479,20048,20026
9061,16506,5395
4109,5666,5668
6876,11638,9183
868,1122,1153
4179,5812,5814
4194,5842,5844
616,761,11584
227,248,250
6841,11557,5800
10400,19886,19888
11163,21980,21982
4288,6008,6010
5937,9252,9254
5931,9240,9242
857,1110,1112
4293,6012,20096
45,48,5776
11169,21990,21914
10445,19976,19978
4402,6246,6248
4208,5860,770
4110,5668,15200
4108,5664,5666
4403,6248,5587
9059,16502,10422
11177,22004,21960
6920,11716,11718
471,532,528
9292,17384,17386
5962,9314,5912
9508,17846,17841
228,248,4624
6326,10061,10062
9338,17494,17496
9684,18243,18244
4211,5862,1944
4200,5850,5852
5917,9208,776
9355,17534,17536
4283,6002,6004
8547,15200,15202
230,252,9085
9324,17458,17460
11704,23403,23404
9323,17456,17458
10919,21370,21372
11712,23413,23452
9391,17604,17606
5868,9085,9086
10446,19978,19980
4161,5782,17403
1572,1944,1946
9388,17598,17600
8268,14496,12099
4107,5662,5664
9331,17476,17456
6244,9876,9878
9968,18876,18878
8267,14494,14496
9303,17403,17404
4326,6075,446
4284,6002,6104
6850,11584,11586
5905,9169,9170
5448,8297,18149
269,299,300
9438,17692,14496
4282,6001,6002
6114,9634,9636
9437,17690,17692
9522,17880,17882
464,528,1654
6863,11606,11608
6299,10006,10008
7273,12436,12438
10501,20092,20094
9435,17689,17690
4199,5848,5850
9950,18836,18838
1314,1653,1654
855,1108,785
8548,15202,15204
9311,17414,17416
10471,20028,20032
10503,20098,12438
7071,12099,12100
478,540,542
10117,19206,19208
6301,10010,10012
10116,19204,19206
9504,17841,17846
643,787,788
1317,1655,1656
9532,17908,17841
7274,12436,17908
10494,20083,12436
11463,22884,16502
9521,17878,17880
9436,17689,22698
10472,20032,20034
11729,23452,23445
6214,9822,22276
5927,9230,9232
6245,9878,9880
499,564,566
5869,9086,9088
5901,9164,764
10473,20034,20036
10489,20072,20074
10918,21368,21370
9330,17474,17476
9971,18884,18886
9220,17046,22884
4236,5912,9318
9949,18834,18836
641,785,22868
4401,6244,6246
4174,5801,566
11462,22882,22884
10908,21347,21356
10425,19932,19934
864,1118,17046
10399,19884,19886
9283,17368,17370
5930,9238,9240
861,1116,1118
9389,17600,17602
5926,9228,9230
4242,5926,9820
10474,20036,19964
4180,5814,5816
10447,19978,20052
9972,18886,18888
8549,15204,15206
3957,5395,5396
4239,5922,5816
10398,19882,19884
619,764,766
9637,18149,18150
9503,17841,17842
7034,12014,6001
9505,17842,17844
10075,19125,19126
9531,17908,6115
8580,15290,9318
10500,20090,20092
10437,19962,19964
10478,20046,20048
6481,10424,22882
859,1112,1114
10433,19952,19954
577,704,5927
9523,17882,20083
1844,2283,544
10438,19964,19966
525,604,606
3561,4624,4626
3712,4894,2459
873,1126,1116
581,710,712
10152,19285,19286
10455,19996,19998
4209,5860,5862
10480,20052,20054
5929,9236,9238
6845,11566,9301
4197,5847,5848
394,446,16468
10572,20366,16468
9264,17328,17330
860,1114,1116
874,1126,1119
4190,5834,5836
5466,8318,15142
10076,19126,19128
5870,9088,552
10034,19042,19044
4238,5920,5922
618,764,697
6862,11604,11606
5891,9136,5862
614,760,11604
10077,19128,19130
6264,9926,17823
4243,5927,253
11727,23448,23450
5871,9088,9947
6697,11116,299
10078,19130,19132
4210,5862,768
10495,20083,20084
4198,5847,15316
7033,12012,12014
9530,17906,17908
393,446,474
10440,19966,20040
6989,11902,523
6898,11676,11638
6283,9968,9088
6938,11756,11758
10475,20040,20042
530,610,612
617,762,764
9052,16468,6337
5455,8304,8306
423,471,20366
11728,23450,23452
6945,11772,11774
2648,3323,302
6851,11586,11588
5925,9226,9228
4193,5840,5842
3921,5322,5324
9973,18888,18890
468,529,12434
866,1120,1122
11175,21999,21932
5957,9297,9298
6274,9947,9948
6115,9636,9638
11286,22288,22290
10493,20080,19998
4181,5816,15280
10035,19044,19046
6228,9848,9850
6757,11336,14494
865,1119,1120
10439,19966,19968
10499,20088,20090
4452,6337,6329
9487,17808,12436
6275,9948,550
4106,5660,5662
524,602,604
871,1125,1126
485,550,552
10460,20006,19968
10441,19968,20010
574,697,567
11717,23424,23426
9304,17403,17412
872,1125,11284
8589,15312,5847
890,1153,1154
4191,5836,5838
9639,18151,18147
9329,17472,17474
11405,22698,11336
10476,20042,20044
630,776,319
10079,19132,19134
9497,17824,19430
6282,9966,9968
9888,18678,17689
480,542,3488
6246,9880,9882
501,567,568
4235,5912,5869
6860,11602,11604
10036,19046,19048
10496,20084,20086
6899,11676,11678
9309,17412,17414
10468,20024,20026
6480,10424,1118
6252,9895,1125
8523,15136,18870
4105,5658,5660
10459,20004,20006
5892,9136,9169
4451,6336,14494
7272,12434,17892
6247,9882,9884
6852,11588,11590
282,319,320
8243,14460,18678
286,322,11676
285,322,324
613,759,760
6875,11638,320
9496,17823,17904
4234,5910,5912
5456,8306,8308
658,798,9208
9310,17412,17454
6281,9964,9966
424,472,474
523,600,602
503,568,570
4192,5838,5840
7073,12100,12102
6921,11718,11720
3043,3895,3896
6610,10827,1125
4104,5656,5658
287,324,11842
4240,5922,9236
9488,17808,17810
9638,18150,18151
6248,9884,9886
9520,17876,17878
8242,14460,14462
9529,17904,17906
891,1153,9902
6967,11827,11676
8192,14350,6329
10115,19202,19204
10917,21366,21368
6254,9902,17958
10497,20086,20088
867,1122,759
9965,18870,18872
892,1154,1156
10207,19430,19432
896,1160,1156
9546,17958,17960
10114,19200,19202
6263,9926,9928
484,548,550
4339,6104,6106
6280,9963,9964
580,708,710
502,567,11628
7032,12010,12012
6901,11678,11680
425,474,476
10467,20022,20024
11285,22286,22288
898,1162,10827
505,570,11850
4241,5925,5926
9486,17806,17808
7271,12434,12436
483,546,548
6874,11632,9136
8191,14348,14350
9974,18890,18892
6249,9886,9888
6970,11842,9403
4360,6146,3896
10208,19432,19434
283,320,322
9390,17602,17604
284,320,11642
6902,11680,9134
301,338,11678
2551,3199,3200
5958,9298,5880
6839,11552,11554
4185,5822,5824
10490,20074,20076
298,336,11827
5889,9134,9136
7075,12102,17702
7077,12104,14348
4103,5654,5656
522,598,600
4358,6144,3895
10477,20044,20046
422,471,472
1088,1398,6146
9489,17810,17812
10461,20010,20012
10492,20078,20080
6897,11672,322
645,788,790
231,253,254
9441,17702,17704
6004,9403,9404
4204,5856,5910
863,1118,5566
6217,9829,5925
5830,8992,6336
6861,11604,761
7031,12008,12010
4213,5869,5870
10458,20002,20004
11711,23413,23414
9547,17960,1154
4506,6482,1398
9948,18832,18834
4220,5880,5882
862,1116,16506
4340,6106,6108
487,552,9092
895,1158,9895
1087,1397,1398
5888,9133,9134
9947,18830,18832
10456,19998,20000
5963,9318,15294
9885,18666,14460
4077,5587,5588
11168,21989,21990
4357,6142,6144
11178,22008,21995
4341,6108,6110
4064,5566,1126
6006,9404,9406
9506,17844,17846
4102,5652,5654
6853,11590,11592
10462,20012,20014
1573,1946,5856
9967,18874,18876
10916,21364,21366
6250,9888,9890
8532,15164,9829
4203,5856,5858
8579,15288,15290
10457,20000,20002
4361,6146,16502
8578,15286,15288
6739,11284,11286
4400,6242,6244
8575,15280,15282
8581,15294,5858
7030,12006,12008
299,337,338
4221,5882,5884
4079,5588,6200
6007,9406,9408
10491,20076,20078
6949,11784,22874
4154,5774,5920
5872,9092,9094
486,550,9952
9946,18828,18830
6227,9846,9848
9218,17018,12014
9482,17798,17876
897,1160,1162
10377,19827,9940
504,568,11690
6873,11630,11632
5873,9094,10061
4155,5774,22286
10378,19827,19828
6896,11670,11672
5920,9216,9218
10466,20020,20022
482,545,546
3521,4574,9963
8241,14458,14460
6253,9902,9904
8550,15206,15208
7076,12104,6334
427,476,478
6922,11720,11722
5700,8690,8704
6300,10008,10010
3828,5127,6482
9525,17892,17894
8509,15102,8992
10037,19048,19050
6859,11600,11602
8590,15316,15318
9480,17796,17798
615,761,762
426,474,6082
9975,18892,901
579,706,708
10209,19434,19436
8508,15100,15102
6900,11678,9169
232,254,9832
5698,8688,8690
6218,9832,9834
6937,11751,11670
1307,1645,17018
6265,9928,5631
9490,17812,17814
893,1156,1158
10915,21362,21364
6973,11850,11852
6877,11642,11644
5699,8690,8692
9491,17814,17787
4063,5566,466
6276,9952,9954
9485,17804,17806
4214,5869,5916
6871,11624,567
731,901,902
4233,5906,5856
531,612,614
413,464,466
4061,5564,5127
428,478,96
6251,9890,9892
5990,9376,337
11290,22296,22298
6008,9406,19460
8577,15285,15286
4205,5858,15298
6756,11334,14458
869,1122,1160
6895,11670,11642
9689,18256,18258
9472,17780,18678
6904,11686,568
9945,18826,18828
8588,15310,15312
10225,19480,9404
6894,11669,11670
5686,8666,8688
8245,14462,18752
6755,11334,11336
4184,5820,5822
4329,6082,17820
4078,5588,5590
5457,8308,8310
8266,14494,12104
9924,18752,18672
4345,6115,6116
9887,18672,18674
10113,19198,19200
9492,17820,17821
6905,11690,11692
9481,17798,17800
9217,17016,17018
6854,11592,11622
1860,2301,5564
4446,6332,6334
6005,9403,9415
4347,6116,6186
5921,9218,9220
8551,15208,15210
4183,5818,5820
93,98,17016
6255,9904,9906
3089,3962,5564
4444,6329,6330
4399,6240,6242
9483,17800,17802
3520,4573,4574
415,466,10352
6983,11878,11751
4408,6254,6142
4062,5564,5566
4101,5651,5652
9484,17802,17804
8576,15282,5871
4342,6110,6112
10463,20014,20016
4445,6330,6332
6012,9415,9416
7074,12102,12104
9219,17046,6482
11173,21995,22012
6437,10352,2304
8582,15298,15300
5924,9224,9226
297,334,336
296,332,334
391,440,98
8591,15318,15320
4153,5772,5774
4060,5561,2301
4449,6334,14298
4081,5590,6198
5922,9220,9222
4376,6198,10928
4343,6112,6114
9493,17821,17822
521,596,598
6924,11726,11669
4287,6006,19836
389,438,440
1863,2304,2306
9495,17823,17824
4232,5904,5906
7029,12004,12006
4450,6336,11334
4370,6186,6188
9526,17894,17896
5906,9169,11638
6256,9906,9908
9322,17454,17456
9442,17704,14348
6257,9908,9910
388,436,438
6878,11642,11756
88,94,96
91,96,482
4222,5884,5886
6011,9412,332
4346,6116,6118
9690,18258,18260
6890,11660,11726
6438,10352,3962
6226,9844,9846
10112,19196,19198
9966,18872,18874
6889,11660,11662
9494,17821,17888
6649,10928,10930
4348,6118,6120
295,330,9416
8570,15266,5651
6925,11726,11728
390,438,486
8592,15320,15322
1309,1646,17016
5829,8990,8992
89,94,6130
6931,11736,11726
10498,20086,20098
6258,9910,9912
4223,5886,5888
8168,14298,14300
4448,6334,6336
6870,11622,11624
432,486,6130
92,98,444
8587,15308,15310
3827,5127,5128
10507,20108,436
4407,6252,6254
1862,2302,3962
4328,6082,4428
6974,11852,11854
4447,6332,17696
10080,19134,19136
10914,21360,21362
4349,6120,6122
6872,11628,11630
414,464,1934
9549,17964,11854
6975,11854,11843
10379,19828,19830
5923,9222,9224
4519,6530,15100
4237,5916,5918
894,1156,10826
532,614,616
578,705,706
6923,11722,11660
6936,11750,11878
9440,17698,14300
5848,9024,18666
1308,1646,440
430,484,486
11398,22667,1934
4516,6528,6530
4406,6250,6252
4507,6482,6266
9527,17896,17898
6616,10836,9910
6436,10351,10352
10111,19194,19196
6013,9416,166
10506,20106,20108
8531,15162,15164
4224,5888,5890
533,616,618
4215,5871,5872
10464,20016,20018
10912,21356,21358
10384,19840,19827
6219,9834,9836
5701,8692,8571
6277,9954,9956
4080,5590,5583
4216,5872,5874
4091,5631,5593
4065,5572,5561
429,482,484
9479,17794,17796
6930,11734,11736
6879,11644,11660
5890,9134,11684
534,618,620
1861,2302,2304
9944,18824,18826
6903,11684,11686
11291,22298,22300
4075,5583,5584
3398,4426,4428
294,330,332
8552,15210,15212
9471,17778,17780
4414,6264,6266
5685,8664,8666
10383,19836,19834
6926,11728,11838
6929,11732,11734
4082,5593,5594
4359,6144,6146
8583,15300,15302
10382,19834,19840
6220,9836,9838
9475,17787,17788
9943,18822,18824
292,328,330
4152,5770,5772
6014,9416,11403
387,434,436
4344,6114,6230
9942,18820,18822
5828,8989,11334
10913,21358,21360
6259,9912,9914
4515,6526,6528
9941,18818,18820
6231,9854,9836
431,486,488
6650,10930,10932
4398,6239,6240
8586,15306,15308
6891,11662,11664
5585,8488,9024
8593,15322,15324
10110,19192,19194
6968,11838,11840
4066,5572,6226
300,337,9380
2412,3009,166
155,164,166
4352,6130,6132
4354,6132,4410
6009,9408,9410
9476,17788,17790
384,430,5572
1306,1645,1646
4404,6249,6250
10381,19832,19834
5827,8989,8990
3960,5401,9914
4517,6528,8996
3403,4432,17820
86,92,94
10038,19050,19052
87,92,4424
1865,2306,1934
6906,11692,11694
412,463,464
11404,22690,17780
6615,10834,10836
9502,17838,434
9500,17837,17838
156,166,168
6969,11840,11882
6570,10690,5401
3396,4420,92
4514,6525,6526
6935,11748,11750
3390,4410,4412
5633,8571,8696
10081,19136,19138
9509,17849,17837
4437,6314,6122
9510,17849,17850
385,432,434
8156,14236,330
290,326,328
732,902,904
8584,15302,15304
6614,10833,10834
4076,5584,211
4231,5902,5904
157,168,170
9940,18816,18818
90,96,98
516,588,6239
6772,11381,168
392,444,446
515,586,588
6754,11330,8989
6222,9838,18157
4120,5684,326
11281,22276,713
4390,6226,6228
4435,6310,12004
4225,5890,5892
1859,2301,2302
4217,5874,5876
4396,6238,6249
4434,6310,6312
8170,14302,6528
9939,18814,18816
5989,9374,9376
3397,4424,4426
4420,6272,2301
6439,10354,10351
4143,5749,5684
158,170,172
6858,11598,11600
8585,15304,15306
6971,11843,9324
6230,9853,9854
6934,11746,11748
288,325,326
4351,6124,438
4433,6306,5594
6651,10932,204
6260,9914,10696
5997,9392,5684
6221,9838,15168
9511,17850,17852
9691,18260,18262
10040,19054,15212
153,162,164
9478,17792,17794
6857,11596,11598
520,594,596
3389,4408,4410
5987,9372,9374
9515,17858,17838
4377,6200,10920
4419,6270,6272
154,162,11408
9692,18262,9853
9517,17866,20106
4219,5878,5880
5834,8996,14308
4353,6130,17830
4325,6072,586
6613,10833,10688
6793,11403,11404
5837,9002,6525
6826,11510,9956
9498,17830,4406
8154,14226,9372
6225,9842,9844
10215,19460,19462
5973,9334,9324
6559,10668,10688
519,592,594
9938,18812,18814
6892,11664,11666
6571,10696,757
4084,5596,432
151,160,162
293,328,3834
5988,9372,9395
8530,15160,15162
535,620,622
9516,17866,6124
6289,9982,11510
8171,14308,14310
10082,19138,19116
733,904,906
3005,3834,9390
5632,8571,8572
3395,4418,4420
5702,8696,8698
289,325,1138
9640,18157,18158
3388,4406,4408
3401,4430,4432
179,200,6310
10164,19304,19285
6288,9980,9982
10070,19114,19116
3959,5401,5402
6928,11730,11732
4324,6070,6072
1563,1934,1936
10224,19478,19480
4356,6141,6142
4226,5892,5894
208,227,10668
583,713,714
9548,17963,17964
536,622,624
6907,11694,11593
3399,4428,4430
10465,20018,20020
209,228,10354
3402,4432,4434
5998,9395,9386
5697,8684,8666
85,90,92
3391,4410,6136
611,756,14226
6933,11744,11746
382,428,430
3004,3834,3836
5836,9000,9002
6224,9840,9842
178,200,202
159,172,174
6558,10668,10670
5972,9332,9334
10380,19830,19832
9937,18810,18812
4085,5596,17849
5835,8998,9000
152,160,3830
180,202,204
4436,6312,6314
386,432,3907
734,906,908
6287,9978,9980
4405,6249,10940
609,754,756
8169,14300,14302
3053,3907,490
6645,10920,10922
6560,10670,10672
5968,9324,11846
10039,19052,19054
9936,18808,18810
870,1125,466
10069,19112,19114
177,198,200
175,196,198
10071,19116,19118
4142,5749,3838
202,224,428
9641,18157,18844
4355,6136,514
10072,19118,19120
3008,3838,756
9953,18844,18846
189,211,432
383,428,19388
4415,6266,5575
4418,6268,6270
3054,3907,3908
4227,5894,5896
6972,11846,11645
10068,19110,19112
8172,14310,5436
6010,9410,9412
7062,12078,705
3394,4416,4418
612,757,729
9439,17696,17698
181,204,206
6794,11404,162
452,514,4015
6984,11882,11884
6569,10688,10690
9501,17837,17866
3007,3836,9368
9514,17856,17858
6577,10725,227
190,211,3908
4432,6304,6306
6740,11286,11288
3844,5158,4015
5985,9368,19742
205,227,228
176,196,6302
6773,11383,11381
160,174,11742
8553,15212,19176
5634,8572,8574
4121,5684,9362
6653,10938,10940
9470,17776,17778
4048,5546,5749
8594,15324,15326
3977,5434,5436
5019,7512,5546
268,298,6141
9615,18095,228
5984,9368,9370
3979,5436,5438
6932,11742,11744
6484,10436,10725
584,714,716
4395,6236,6238
10216,19462,19464
6855,11593,11594
3392,4412,4414
9477,17790,17792
608,752,754
3400,4428,6086
207,227,1406
6483,10434,10436
150,158,160
3017,3850,7512
3127,4015,4016
4392,6230,6232
7061,12076,12078
5020,7512,7508
5976,9340,3850
6561,10670,18093
4182,5817,5818
4350,6122,6124
9469,17774,17776
10163,19302,19304
878,1134,325
4151,5768,5770
518,590,592
4083,5594,5596
8569,15264,15266
537,624,626
434,490,492
8157,14236,19484
6792,11403,3830
4046,5544,5546
206,227,724
610,756,1151
3013,3844,5544
517,589,590
7060,12074,12076
3978,5434,18422
10073,19120,19122
4228,5896,5898
9954,18846,18848
5684,8662,8664
4391,6228,10904
6556,10667,10668
4430,6298,5584
4145,5754,1134
4100,5648,588
9955,18848,18850
435,490,4404
3976,5432,5434
6482,10434,5558
6639,10904,10906
5996,9390,9392
10102,19176,19178
10074,19122,5633
9683,18240,589
10226,19484,19486
4056,5558,5560
1564,1936,10542
8568,15262,15264
451,514,516
3056,3908,494
9613,18093,18083
3016,3850,3852
9524,17888,4434
9769,18422,18424
10223,19476,19478
10217,19464,19466
10162,19300,19302
887,1150,5749
7059,12072,12074
9512,17852,17854
6753,11329,11330
10328,19713,14226
188,211,212
5635,8574,8576
10345,19738,1138
4431,6302,6304
183,206,15250
3055,3908,290
6514,10542,10544
589,724,726
4144,5754,156
3404,4434,4436
4057,5558,7488
10861,21166,5434
590,726,728
3405,4436,22900
262,288,290
6646,10922,10924
5994,9386,3834
174,194,196
10161,19298,19300
5986,9370,9372
450,512,514
380,424,224
9513,17854,17856
5991,9380,9382
3009,3838,3840
735,908,910
10103,19178,19180
3006,3836,3838
182,206,864
5995,9386,14234
3010,3840,3842
11447,22821,4414
5992,9382,9384
10346,19742,19744
9614,18093,18102
9682,18238,18240
448,510,512
10352,19754,19713
6999,11922,11383
453,516,518
591,726,22663
436,492,494
438,494,3521
4049,5548,7508
201,224,226
9528,17898,17790
888,1151,1152
5636,8576,8578
381,424,2180
7058,12070,12072
5018,7510,7512
1096,1406,1408
4058,5560,6356
10329,19713,19714
5637,8578,8580
9681,18236,18238
291,326,5754
2800,3543,5158
3845,5158,4904
6880,11645,11646
4363,6150,226
5015,7508,9360
11445,22813,4418
6742,11292,10833
3961,5402,5404
8595,15326,15328
8533,15168,15170
4461,6356,7488
447,508,510
4067,5575,5576
10104,19180,19182
1864,2304,6149
10393,19874,492
9619,18106,18095
3387,4404,4406
1858,2300,10434
3012,3844,3846
449,510,17834
148,156,158
6985,11884,174
3975,5430,5432
4413,6262,6264
6774,11383,11926
4092,5633,5634
9770,18424,18404
9499,17834,17836
5703,8698,8658
3714,4904,3512
455,518,15942
203,226,1937
7057,12068,12070
1856,2298,2300
4055,5557,5558
4412,6260,6262
4416,6267,6268
10931,21398,754
4417,6267,10926
6644,10916,198
437,494,2166
886,1150,5548
8528,15158,15160
11395,22648,3840
538,626,628
173,192,194
9763,18404,18415
9767,18415,18398
10222,19474,19476
585,716,718
10067,19108,19110
11397,22663,726
2773,3512,3514
5680,8658,8681
3962,5404,5406
9935,18806,18808
3386,4404,520
8567,15260,15262
4411,6258,6260
2774,3514,1641
1825,2264,3512
606,750,752
5694,8681,8660
6643,10914,10916
9604,18076,17963
263,288,2170
4993,7488,10660
5695,8681,8682
5967,9322,9324
10351,19752,19754
1855,2297,2298
514,584,586
5983,9364,3836
9768,18422,18403
3384,4402,4404
6562,10672,10674
4410,6257,6267
6435,10350,10660
6652,10936,10938
4047,5546,5548
9956,18850,18852
4375,6196,10936
8566,15258,15260
6552,10660,6358
6223,9839,9840
7056,12066,12068
10344,19736,19738
2782,3521,522
5993,9384,9386
6888,11658,21398
84,88,90
10762,20900,9839
454,518,520
10066,19106,19108
8565,15256,15258
10227,19486,19488
6654,10940,6257
9761,18403,18404
605,748,750
736,910,912
889,1152,9326
8596,15328,15330
9680,18234,18236
2784,3521,4402
83,86,508
10065,19104,19106
607,750,5534
4393,6232,6234
10218,19466,19468
8155,14234,14236
5966,9320,9322
9744,18369,21166
592,728,10360
5980,9358,9360
10064,19102,19104
6998,11920,11922
80,84,86
459,522,4090
6568,10684,1406
192,212,294
6927,11729,11730
9468,17772,17774
1857,2298,6352
10343,19734,19736
9756,18396,18398
9764,18406,18396
3981,5438,9012
5975,9338,9340
4230,5900,5902
4150,5766,5768
10342,19732,19734
4068,5576,5578
6741,11288,10831
149,156,5866
9612,18090,11292
200,222,224
8835,15942,15944
4330,6086,88
6997,11918,11920
378,422,424
6642,10912,10914
10105,19182,19184
9957,18852,18854
6612,10831,11292
9611,18088,18090
9679,18232,18234
5682,8660,8718
737,912,914
458,522,462
9678,18230,18232
411,462,3543
5964,9319,9320
3180,4090,4092
8837,15944,15946
5853,9046,4090
171,190,192
1565,1937,1938
6286,9976,9978
10761,20898,20900
3181,4092,284
4362,6149,6150
9759,18399,18406
376,420,422
4462,6358,1316
446,504,86
5696,8682,8684
10106,19184,19186
738,914,916
147,154,156
5681,8659,8660
2786,3522,9046
3963,5406,5408
10760,20896,20898
204,226,2180
3826,5125,222
9677,18228,18230
3182,4092,9050
593,729,730
6640,10906,10908
6886,11656,11658
5638,8580,8582
4394,6234,6236
4459,6352,5560
267,296,298
10000,18950,11329
8838,15944,15954
539,628,630
6434,10349,10350
6285,9974,9976
82,86,88
884,1148,1150
2799,3543,3544
5855,9050,9046
9758,18399,18394
5710,8718,9058
260,286,288
2801,3544,2263
3014,3846,3848
4054,5556,5557
6567,10680,18088
9755,18394,18402
9617,18102,10676
5999,9395,9396
1567,1938,1940
10860,21162,18369
264,290,212
9676,18226,18228
7055,12064,12066
2785,3522,3524
8842,15949,15942
377,420,19390
6881,11646,11648
457,520,5158
8844,15950,15944
4212,5866,5868
4371,6188,6190
5841,9012,9010
4059,5560,10434
1302,1641,1642
6996,11916,11918
1304,1642,20369
4429,6294,296
4409,6257,6258
81,84,5166
6553,10660,10347
8846,15954,15960
883,1146,1148
1098,1408,2298
10063,19100,19102
259,284,4096
7054,12062,12064
10392,19872,19874
4372,6190,6192
9762,18404,18406
10360,19776,1146
1566,1937,5553
6611,10831,10832
456,520,522
1753,2180,1938
5982,9362,9364
4331,6086,498
10350,19750,19752
170,188,190
3129,4018,3514
6995,11914,11916
10107,19186,19188
5856,9058,9072
1303,1641,3905
604,746,748
4093,5634,5636
10196,19392,2170
594,730,732
8529,15158,20896
4428,6292,6294
6565,10678,10680
3002,3830,328
9760,18403,14310
6000,9396,9398
8574,15276,5817
10574,20369,20370
3964,5408,5410
5965,9319,17968
257,282,462
6557,10667,10684
9603,18074,18076
2795,3534,422
2787,3524,286
1752,2176,3534
5578,8476,9012
4069,5576,6214
9757,18396,18410
6994,11912,11914
78,82,84
1569,1940,1942
408,458,282
5639,8582,8584
441,498,500
513,582,584
7053,12060,12062
6993,11910,11912
146,152,154
4045,5540,3844
9550,17968,17970
10195,19391,19392
2788,3524,2166
4323,6068,6070
8597,15330,15332
9602,18072,18074
4458,6346,1408
4456,6344,6346
4053,5554,5556
5969,9326,9328
10341,19730,19732
3570,4648,458
10347,19744,19746
10859,21160,21162
5693,8678,8662
9618,18105,18106
406,456,458
6648,10926,15236
3385,4402,19872
3965,5410,5412
8598,15332,15334
3126,4015,1659
6432,10347,10348
9766,18411,18399
885,1148,5682
1320,1659,84
168,186,188
6887,11658,9337
8845,15954,15956
6001,9397,9398
750,938,15158
4463,6358,5961
10233,19498,14234
5692,8676,8678
877,1132,1134
8847,15956,15957
9754,18394,18396
4052,5553,5554
2783,3521,3522
749,936,938
9551,17970,17972
9609,18083,18084
6771,11379,5868
8564,15250,15256
1568,1938,2184
9610,18084,18097
6992,11908,11910
6284,9973,9974
5679,8656,8658
1749,2174,2176
3715,4904,4906
4218,5876,5878
9752,18393,18394
5579,8478,9010
4322,6066,6068
433,488,490
9765,18411,18393
6893,11666,11668
6551,10657,10349
1321,1659,1660
9467,17770,17772
9934,18804,18806
5709,8718,8720
4099,5646,5648
4427,6290,6292
5582,8484,8478
8849,15957,15961
8839,15946,15948
3716,4906,4018
586,718,720
9739,18363,21160
4094,5636,5638
2796,3534,4100
4321,6064,6066
11446,22819,4416
9675,18224,18226
199,220,2176
79,82,11338
3185,4098,456
1322,1660,78
9674,18222,18224
4460,6356,6358
8573,15275,15276
11469,22900,22902
191,212,214
4095,5638,5640
8841,15948,15964
5731,8758,8584
4384,6214,6216
3015,3848,3850
1823,2263,2264
5971,9330,9332
10359,19774,19776
9601,18070,18072
6647,10924,10926
748,934,936
3717,4910,1660
75,78,80
256,282,284
261,286,3528
1750,2174,3532
407,456,4650
9642,18158,18160
410,462,1884
4071,5578,6202
9743,18369,18370
2772,3512,1818
169,186,6288
5691,8674,8676
9958,18854,18856
9959,18856,18858
5581,8482,8484
3186,4098,4100
1625,2024,6344
6641,10908,192
3846,5166,2967
6564,10676,10678
2508,3132,80
5970,9328,9330
1624,2022,2024
3011,3842,3844
1468,1818,5616
3974,5428,5430
5016,7509,7510
9606,18080,18105
144,150,152
4373,6192,6194
5861,9068,9058
3128,4016,4018
747,932,934
10573,20369,3906
10858,21156,18363
9933,18802,18804
1623,2020,2022
1571,1942,4112
8850,15960,15974
5974,9337,9338
3184,4096,4098
8852,15961,15948
9605,18079,18080
8853,15964,15966
9753,18393,18420
2792,3530,3532
10339,19728,19730
6885,11654,11656
2506,3131,3132
440,496,498
3849,5172,5428
4119,5682,19716
255,280,4648
10062,19098,19100
1086,1395,214
11470,22902,22904
10221,19472,19474
2775,3514,4022
5017,7509,9358
198,220,222
10219,19468,19470
252,278,280
253,278,2982
9616,18097,18079
1570,1940,3542
5977,9344,3848
5715,8728,8720
1751,2176,424
4383,6212,10912
11671,23338,2184
9745,18370,18360
6016,9419,150
2789,3528,3530
795,1028,938
3003,3830,5754
4149,5764,5766
4086,5616,5618
1763,2194,10657
265,294,296
10061,19096,19098
1755,2184,2186
8559,15236,15238
404,454,456
9735,18360,18362
9750,18382,18370
1466,1816,1818
5730,8756,8758
4382,6210,6212
409,458,4096
2390,2982,4648
1465,1814,1816
405,454,4652
3829,5132,2982
3848,5170,5172
167,184,186
746,930,932
250,276,278
1757,2186,2188
7000,11926,11928
2790,3528,19398
9738,18363,18364
4096,5640,5642
879,1138,1140
5583,8484,9006
6563,10674,10676
3847,5166,6092
5838,9006,9008
10338,19726,19728
3187,4100,418
1762,2194,7269
2794,3532,4098
880,1140,1142
1756,2184,23348
10205,19422,19391
2382,2967,2968
3830,5132,5134
8840,15946,15981
5329,8036,220
9733,18359,18360
4483,6402,5170
1467,1816,2268
602,744,746
3574,4652,414
10204,19420,19422
6882,11648,11650
166,182,184
7052,12058,12060
1528,1888,3544
9160,16856,5616
5328,8034,8036
9734,18359,18375
196,218,220
4098,5644,5646
10950,21456,15950
9736,18360,18374
164,180,182
10228,19488,19490
9746,18370,18368
9552,17972,17974
439,495,496
11670,23336,23338
4041,5534,5536
2509,3132,11338
9932,18796,5428
6884,11652,11654
165,180,6276
444,502,504
10857,21154,21156
9740,18364,18366
5327,8032,8034
9931,18794,18796
3691,4858,5132
9751,18388,18359
9600,18068,18070
4043,5538,5540
8534,15170,15172
603,744,9344
4087,5618,1580
9737,18362,18382
5326,8030,8032
3018,3852,819
2797,3538,1940
9742,18368,18388
745,928,930
3188,4100,454
1830,2268,11344
6856,11594,11596
2384,2968,2970
9748,18375,18374
421,470,18802
10349,19748,19750
512,580,582
8854,15966,15949
10203,19418,19420
418,469,470
5678,8654,8656
9749,18378,18362
10355,19764,1140
4320,6062,6064
10354,19762,19764
4635,6760,469
5714,8726,8728
6002,9398,9400
10330,19716,19718
600,742,744
10856,21152,21154
794,1026,1028
2793,3532,3534
7051,12056,12058
9673,18220,18222
1526,1886,1888
4097,5642,5644
9741,18366,18368
2771,3508,2264
4381,6208,6210
5860,9066,9068
163,178,180
3140,4030,5618
10229,19490,19492
10348,19746,19748
372,416,418
3051,3905,3906
9747,18374,18378
10232,19496,19498
4117,5678,1028
1824,2263,4904
587,720,722
1622,2018,2020
10220,19470,19472
5711,8720,8721
2389,2982,2984
5352,8106,1395
1529,1890,276
6758,11338,6092
8848,15957,15954
8599,15334,15336
8600,15336,15275
1524,1884,1886
5325,8028,8030
11672,23338,23324
1261,1579,1580
5640,8584,8762
11673,23348,23350
11662,23324,23326
3572,4650,2984
6433,10348,10364
4378,6202,6204
2383,2967,5170
1746,2170,2172
419,469,9516
4148,5762,5764
4873,7269,6339
793,1024,1026
4147,5760,5762
162,176,178
10231,19494,19496
11674,23350,2186
8560,15238,15240
4634,6758,6760
11393,22647,22648
10336,19724,19726
10335,19722,19724
10332,19718,19720
3194,4108,1942
197,218,2174
4454,6339,6340
1013,1316,3519
10871,21266,6758
379,422,3538
3139,4030,4032
9672,18218,18220
9930,18792,18794
5732,8762,8764
4229,5898,5900
5854,9050,3524
588,722,5758
9553,17974,17976
1527,1888,1890
4319,6060,6062
1754,2180,3538
5733,8764,8766
2392,2984,5134
9159,16854,16856
6883,11650,11652
1621,2016,2018
1262,1580,1582
6003,9400,9417
1541,1904,1579
676,819,820
10803,20990,1818
2791,3530,2172
10340,19728,19760
6566,10680,10682
3131,4022,4024
145,150,1132
5840,9010,9008
1829,2268,5616
10855,21150,21152
10801,20988,20990
1761,2192,2194
8858,16002,218
11394,22647,22654
3191,4106,4108
445,502,22778
10358,19772,19774
420,470,872
5683,8661,8662
11663,23326,23328
3052,3906,20398
5862,9072,9074
716,872,874
11396,22651,22647
4385,6216,6218
792,1022,1024
10333,19720,19722
4426,6288,6290
10788,20956,4024
2780,3519,3520
1264,1582,1584
8843,15949,15950
6053,9516,9518
374,418,420
9671,18216,18218
266,294,19394
8561,15240,15242
2507,3131,4918
1534,1894,3508
258,284,286
10787,20954,20956
3137,4028,4030
8851,15961,15946
1758,2186,23324
4482,6400,6402
4073,5582,8028
5979,9354,7509
251,276,5132
442,498,5166
10230,19492,19494
2391,2984,2986
3133,4024,4026
2868,3644,9397
4374,6194,6196
4118,5682,5684
3130,4018,4910
4070,5578,5580
4318,6058,6060
5981,9360,1129
6440,10360,2194
4332,6092,3131
10060,19094,19096
1760,2190,2192
375,418,4104
1745,2166,288
3135,4026,20970
3190,4104,4106
2802,3544,3508
595,732,734
4072,5580,5582
3183,4096,3530
6578,10730,10364
9599,18066,18068
11669,23336,23326
6054,9518,9520
791,1020,1022
9929,18791,18792
6015,9417,9418
11664,23328,23330
6055,9520,5669
678,820,822
1759,2188,2190
9960,18858,18860
4044,5538,22646
1531,1892,1894
10585,20398,74
4421,6276,6278
7050,12054,12056
677,819,9352
11668,23334,23336
1523,1884,280
4425,6284,5582
72,74,20402
4380,6206,6208
1533,1894,1896
4457,6344,9128
10800,20986,20988
2867,3642,3644
402,450,416
711,864,866
11665,23330,23332
8857,15981,21456
5729,8754,8756
4379,6204,6206
4074,5582,16002
172,190,6298
1532,1892,4852
238,260,1904
193,214,216
403,450,4656
10059,19092,19094
3573,4650,4652
1530,1890,1892
511,578,580
4453,6339,2726
2200,2726,4670
3138,4028,16832
4633,6756,6758
5351,8104,8106
717,874,876
510,576,578
3571,4648,4650
10584,20390,1642
10353,19760,19762
9670,18214,18216
236,258,260
2781,3519,6364
881,1142,1144
1462,1813,1814
790,1018,1020
4875,7270,10730
5713,8724,8726
2998,3824,4858
3966,5412,1997
599,740,742
2394,2986,5136
9554,17976,17978
11429,22778,22780
10793,20970,20972
718,876,878
194,216,218
247,272,3824
1012,1315,1316
9555,17978,17980
1620,2014,2016
11428,22776,22778
7001,11928,11385
10870,21264,21266
10854,21148,21150
8856,15981,15964
9598,18064,18066
679,822,824
11430,22780,22775
9961,18860,18862
6777,11385,11698
3583,4670,3002
4262,5961,5560
10334,19720,19790
3136,4028,72
2866,3640,3642
3576,4656,4658
10792,20966,1584
373,416,454
10790,20959,20966
5978,9352,9354
3831,5134,4860
1265,1584,1586
4464,6364,10839
9669,18212,18214
3833,5136,410
3688,4852,274
2865,3638,3640
67,70,72
249,274,4856
6441,10364,10366
3575,4652,2986
1619,2012,2014
195,216,8978
10786,20952,20954
598,738,740
10794,20972,20931
8535,15172,15174
10785,20950,20952
3189,4104,450
5863,9074,9076
3050,3905,76
11444,22806,22776
254,280,282
601,742,21402
4112,5669,5670
1618,2010,2012
1464,1813,4976
3749,4976,268
235,256,258
1747,2172,216
6775,11385,11386
1525,1886,278
367,410,5140
680,824,826
11426,22775,22776
66,68,70
1610,1997,1998
1617,2008,2010
4424,6282,6284
4632,6754,6756
10774,20931,20932
1097,1406,2300
77,80,82
509,574,576
11443,22804,22806
4397,6239,6238
744,926,928
1612,1998,2000
11666,23332,23334
4386,6218,6220
244,270,272
2402,3000,3002
7049,12052,12054
2864,3636,3638
8536,15174,15176
233,255,256
2863,3634,3636
5728,8752,8754
2393,2986,412
6617,10839,10744
5350,8103,8104
743,924,926
71,74,76
10869,21262,21264
9148,16832,16834
3393,4414,4416
11468,22897,4436
10058,19090,19092
143,149,150
10365,19790,19792
10368,19796,1144
1270,1592,70
10367,19794,19796
3582,4668,4670
234,255,4464
6442,10366,10368
9149,16834,16836
1616,2006,2008
9556,17980,17982
2798,3538,4108
882,1144,1146
10932,21402,21404
4481,6398,6400
9668,18210,18212
4387,6220,6222
2404,3002,5152
4113,5670,5672
1269,1590,1592
10199,19398,19404
4146,5758,5760
10586,20402,19800
6580,10735,10368
1267,1588,1590
2403,3002,3004
4874,7269,7270
3840,5150,5152
10802,20988,20994
10933,21404,21406
3192,4106,19410
596,734,736
5659,8619,8724
2198,2724,2726
3577,4658,2990
5727,8750,8752
4422,6278,6280
399,449,450
9667,18208,18210
5712,8721,8619
1540,1902,1904
11432,22784,22806
2199,2726,2728
4631,6752,6754
3836,5140,4866
10868,21260,21262
10799,20984,20986
11471,22904,22906
3689,4856,4858
2997,3824,3826
4317,6056,6058
9123,16740,19800
789,1016,1018
371,414,4656
788,1014,1016
365,408,4866
876,1130,2024
1613,2000,2002
5726,8748,8750
3697,4866,3628
237,260,262
2396,2990,5140
10791,20963,20959
3427,4460,255
8836,15942,15960
3834,5136,4862
3719,4918,4920
8562,15242,15244
742,922,924
2401,2998,3000
8855,15974,15956
2197,2722,2724
787,1012,1014
9643,18160,18162
875,1129,1130
241,266,268
2196,2720,2722
719,878,880
9597,18062,18064
1615,2004,2006
400,449,2716
3101,3977,4460
1536,1896,1813
3141,4032,1588
508,573,574
370,414,416
10784,20948,20950
4630,6750,6752
9557,17982,17984
2862,3633,3634
3832,5134,5136
1203,1519,4460
4388,6222,6224
5690,8672,8674
70,72,10616
11434,22786,22804
2385,2970,2972
3720,4918,6098
1201,1519,1520
4389,6224,10942
10853,21146,21148
248,274,276
8563,15244,10950
786,1010,1012
9644,18162,18164
10201,19410,19396
3578,4658,3622
5725,8746,8748
1266,1586,1588
10057,19088,19090
2201,2728,10732
6444,10368,10370
10056,19086,19088
1539,1902,262
3581,4666,4668
6659,10950,811
10867,21259,21260
3968,5418,2006
4116,5676,5678
161,175,176
5886,9128,9130
10369,19800,10612
11442,22802,22804
11667,23334,23328
11477,22916,22897
2857,3622,4662
2195,2718,2720
245,270,2312
6655,10942,10944
10798,20982,20984
5724,8744,8746
720,880,882
6581,10744,10756
1537,1900,266
3841,5152,4882
10783,20946,20948
6586,10756,10748
69,72,74
3695,4862,3828
7048,12050,12052
10789,20959,1582
3967,5416,5418
670,811,812
721,882,884
401,449,4658
76,78,4916
10055,19084,19086
4629,6748,6750
3839,5148,5150
9122,16740,16742
10202,19416,19418
4114,5672,5674
671,812,814
1204,1520,1522
3718,4916,4918
3100,3977,3978
240,264,266
368,412,414
10782,20944,20946
6579,10732,10370
364,408,410
3838,5146,5148
5355,8110,264
5677,8652,8654
65,66,68
3690,4858,4860
11427,22775,22784
243,268,270
739,916,918
5822,8982,8103
6443,10366,10662
5356,8110,2360
9645,18164,18166
6453,10376,10748
3692,4860,3826
1463,1813,1900
11433,22786,22788
3193,4108,449
4042,5536,5538
9158,16852,16854
1207,1522,5626
3721,4920,4922
8537,15176,15178
4628,6746,6748
1866,2312,2314
4480,6396,6398
2386,2972,2974
4479,6394,6396
9964,18866,573
3428,4464,4466
9963,18864,18866
597,736,738
11441,22800,22802
5821,8980,8982
3696,4866,2320
10331,19716,19768
4316,6054,6056
6656,10944,10946
363,406,2320
5887,9130,9132
681,826,736
4477,6393,6394
1867,2312,3824
3835,5140,3626
4455,6340,10735
6451,10374,10756
10200,19404,19416
10357,19770,19772
2398,2992,3626
74,76,16740
6609,10818,175
9722,18334,16742
4315,6052,6054
1538,1900,1902
5723,8742,8744
10776,20932,20934
9157,16850,16852
362,406,408
2387,2974,2976
3969,5418,5420
10356,19768,19770
1263,1580,2240
5734,8766,8733
3580,4664,4666
5721,8740,8742
1260,1579,1519
6452,10376,10378
246,272,274
672,814,10809
2227,2754,3977
6537,10616,1602
9124,16742,18326
6585,10753,10374
1902,2360,2312
3584,4670,4672
1870,2316,406
3132,4022,20390
1802,2237,1520
3694,4862,408
9666,18206,18208
4314,6050,6052
5665,8628,8652
6455,10378,10714
5353,8109,8110
6572,10711,10378
10797,20980,20982
10796,20978,20980
4261,5960,6393
9156,16848,16850
1803,2237,2754
722,884,886
740,918,920
3703,4880,4882
10198,19396,19414
11431,22784,22786
3001,3828,2316
1611,1997,5416
369,412,2990
2397,2992,2994
6582,10745,10376
6608,10817,10818
1869,2314,2362
5689,8670,8672
1273,1600,1602
3693,4860,4862
11425,22774,22800
360,404,406
2399,2994,2996
1903,2360,2362
358,402,404
5348,8099,402
10364,19786,1142
8601,15336,22280
1906,2364,404
6657,10946,10948
2405,3004,10745
8538,15178,15180
9665,18204,18206
10777,20934,20936
3102,3978,3980
5664,8628,8630
712,866,868
1872,2320,2322
3108,3988,255
2856,3622,2992
3704,4882,4884
11438,22790,22800
6584,10748,10750
2859,3626,5144
5658,8619,8620
2193,2716,2718
9976,18895,5960
3837,5144,5146
443,500,502
1748,2172,2174
723,886,888
2858,3626,3628
3103,3980,3982
10775,20931,20976
4260,5958,5960
3104,3982,3984
4423,6280,6282
5666,8630,8632
1535,1896,270
5667,8632,8634
11476,22914,22916
9646,18166,18168
9962,18862,18864
11472,22906,22908
10781,20942,20944
3705,4882,7271
10780,20940,20942
1205,1520,2240
9647,18168,18170
9648,18170,18172
1202,1519,2237
4485,6405,10612
1905,2362,8109
5660,8620,8622
1874,2322,2324
6450,10374,10376
5722,8740,21322
6778,11386,11388
356,400,402
10934,21406,21408
3585,4672,10753
11435,22788,22790
10935,21408,21410
5341,8080,400
4088,5626,5628
6780,11388,11390
5366,8130,8080
5717,8733,21342
10795,20976,20978
4115,5674,5676
3722,4922,2978
5166,7748,5628
5167,7748,7752
6782,11390,11392
361,404,2368
4090,5628,2486
6532,10608,6405
6446,10370,10372
7047,12049,12050
3842,5152,5154
4443,6328,10817
785,1008,1010
9664,18202,18204
11436,22788,22802
4337,6102,10608
1909,2368,6174
5168,7752,7754
3843,5154,10759
2226,2754,2756
3770,5010,2754
3000,3826,3828
6587,10759,10380
354,398,400
9649,18172,18174
4478,6393,9426
5663,8626,8628
3769,5010,1730
5716,8733,8734
5176,7765,7754
3429,4464,22112
5668,8634,8636
9663,18200,18202
4313,6048,6050
3134,4026,4028
1614,2002,2004
4333,6098,6100
5165,7746,7748
5365,8128,8130
4255,5947,5010
9650,18174,18176
5174,7763,7746
3706,4884,4886
5354,8109,8120
5669,8636,8638
10366,19792,19794
4335,6100,6102
9596,18060,18062
2395,2990,2992
4259,5956,5958
2999,3826,2314
540,630,632
1804,2237,5009
1374,1730,1732
11440,22796,22774
6449,10372,10719
4484,6405,6406
5177,7765,7763
10719,20718,18895
724,888,890
2015,2486,2251
11439,22794,22796
11489,22940,2486
4258,5954,5956
5859,9064,9066
9662,18198,18200
5169,7754,7756
6991,11907,11908
366,410,412
1375,1730,3396
5720,8738,8740
725,890,892
5820,8978,8980
2228,2756,1728
9558,17984,17986
6605,10809,10810
2860,3628,2322
11437,22790,22773
5359,8120,8126
9720,18326,6102
1377,1732,1338
1033,1336,5947
1031,1334,1336
5367,8135,398
5671,8638,21334
357,400,8102
1032,1336,1338
11226,22130,2756
741,920,922
9121,16702,4466
4876,7271,2329
1875,2322,2356
5858,9062,9064
10901,21330,8638
3105,3984,3986
11475,22912,22914
4367,6176,8135
11294,22306,12049
3107,3986,22200
6456,10380,7481
6533,10608,22259
4312,6046,6048
726,892,894
10197,19395,19396
2400,2996,2998
9661,18196,18198
10718,20716,20718
6658,10948,10950
10363,19784,19786
1372,1728,1730
6908,11698,11700
5363,8126,1687
1034,1338,384
9559,17986,17988
11215,22112,22114
342,384,386
5857,9061,9062
10779,20938,20940
1347,1687,1688
1035,1338,1736
5238,7862,1334
11423,22773,22774
341,382,384
5349,8102,6174
5362,8124,8126
5688,8668,8670
242,266,2360
727,894,896
343,384,1342
4364,6174,3670
5179,7767,7765
10717,20714,20716
1037,1342,11276
6573,10714,10716
6744,11307,22940
1378,1736,1738
5215,7820,7862
5719,8736,8738
5243,7889,1336
5239,7876,7889
5368,8135,6178
10897,21322,21324
11474,22910,22912
2388,2976,2978
1813,2251,2490
355,398,16696
4486,6406,6408
1370,1726,1728
10778,20936,20938
5181,7769,7767
1907,2364,8062
2861,3628,4870
11225,22128,22130
4257,5952,5954
9119,16696,16698
6554,10662,10664
4986,7481,7483
11276,22259,22247
6583,10748,10714
9595,18058,18060
4988,7483,7484
728,896,898
4877,7271,4884
4256,5951,5952
5233,7852,7820
10713,20704,2978
344,386,388
6448,10372,10374
3698,4870,4872
1868,2314,2316
352,396,398
10337,19724,19780
9155,16846,16848
3699,4872,4874
3767,5009,5010
1373,1728,2760
11216,22114,1702
2194,2716,3622
3094,3967,11276
5180,7769,7758
5687,8667,8668
10905,21342,21344
5175,7763,7752
1028,1333,1334
6447,10370,10744
10936,21410,21412
5212,7818,7820
9660,18194,18196
1371,1726,22162
1873,2320,2368
5364,8126,8128
4989,7483,10386
1908,2368,2355
2887,3672,6176
6457,10380,10762
11260,22216,1726
1003,1302,382
9651,18176,18178
5214,7820,7822
4487,6408,6410
5213,7818,7854
239,262,264
4254,5947,1732
1904,2362,2364
3768,5009,7744
4488,6410,6412
10902,21334,21336
11303,22404,1342
5220,7826,7852
2229,2760,2762
5164,7744,7746
9659,18192,18194
10362,19782,19784
3106,3986,3988
1880,2329,10506
9995,18934,18895
5662,8624,8626
5211,7816,7818
1029,1333,2484
11293,22304,22306
6743,11307,11308
1382,1740,1302
6784,11392,11394
346,388,3966
5178,7767,7756
11270,22247,22262
5360,8122,8124
1380,1738,1740
3091,3966,3548
5340,8078,8080
6588,10762,7482
5234,7852,7854
11490,22940,11000
4334,6098,20696
5217,7824,7826
10903,21336,21338
10712,20702,20704
4489,6412,6414
2695,3396,388
6594,10778,10386
1356,1700,1702
4336,6100,18334
5339,8076,8078
10361,19780,19782
6017,9426,9428
1350,1688,1690
11240,22162,22164
11269,22247,22248
10900,21328,21330
1369,1724,1726
6445,10368,10738
11259,22214,22216
5128,7678,2484
9154,16844,16846
4987,7482,7484
11241,22164,22166
8539,15180,15182
5210,7814,7816
1030,1333,11000
3707,4886,10778
1376,1732,386
11277,22262,21138
6018,9428,9430
9721,18331,6100
4252,5940,1740
1379,1736,7886
1381,1738,7888
5219,7826,7828
5241,7886,7888
10904,21338,8588
2230,2760,22162
1351,1690,1692
5237,7856,7816
9719,18324,18331
541,632,634
10716,20712,20714
10711,20700,20702
3579,4662,4664
9994,18932,18934
4992,7486,10711
11282,22280,22282
5232,7848,7826
9153,16842,16844
9652,18178,18180
351,394,396
8540,15182,15184
1036,1342,1344
3090,3964,3966
1383,1740,1742
4311,6044,6046
2016,2490,2492
9717,18322,18324
5216,7822,7824
339,380,382
5171,7758,7760
5129,7678,21802
5150,7723,7744
4985,7481,7482
1812,2251,2252
5242,7888,7904
11224,22126,22128
11103,21802,7665
5182,7771,7760
6606,10810,10812
11242,22166,22168
6737,11273,3967
6786,11394,11396
5172,7760,7762
9152,16840,16842
5126,7666,7678
3093,3967,3968
1385,1742,2232
5231,7847,7876
9993,18930,18932
11243,22168,22170
11223,22124,22126
11244,22170,22172
6683,11000,11002
5338,8074,8076
5230,7847,7848
2803,3548,1344
5251,7898,7886
11283,22282,22284
338,378,3968
5125,7666,7668
1358,1702,22184
11292,22302,22304
5121,7662,7666
729,898,900
5161,7740,7723
4310,6042,6044
335,376,378
1879,2329,2330
8541,15184,5951
11271,22248,22250
10899,21326,21328
2232,2762,3396
10710,20698,20700
1797,2232,2234
5670,8638,8640
5209,7812,7814
1384,1742,378
11424,22773,22794
9653,18180,18182
9654,18182,18184
11487,22937,11002
11272,22250,22252
10898,21324,21326
5119,7661,7662
1349,1687,16702
11102,21799,7678
11255,22200,22114
1038,1344,1346
3702,4878,4880
4895,7305,376
1799,2234,2236
11284,22284,22302
11217,22114,22116
5170,7756,7758
11273,22252,22254
5118,7661,7657
336,376,3972
5162,7740,7726
9120,16698,1687
5235,7854,7856
11274,22254,22256
6738,11276,3552
5221,7828,7808
2884,3670,2378
1798,2232,8174
6575,10719,10720
2231,2762,390
4249,5937,7847
333,374,376
5385,8174,7312
2869,3646,1346
5113,7657,7653
784,1006,1008
11258,22212,22214
9992,18928,18930
6788,11396,11398
4365,6174,6176
2886,3672,3674
4248,5937,5938
9991,18926,18928
9560,17988,17990
340,380,1300
5236,7856,7812
1795,2230,2232
334,374,1562
7002,11954,11907
348,390,2766
6454,10378,10380
1357,1702,1704
3098,3972,3558
2697,3397,7305
1368,1722,1724
4366,6176,6178
5252,7904,7906
345,388,390
9655,18184,18186
4901,7312,7314
4910,7340,8174
337,378,380
2233,2766,2768
11245,22172,22174
4253,5940,4344
2240,2774,3646
2806,3552,3650
1243,1558,374
5207,7808,7810
5337,8072,8074
11488,22937,22940
713,868,870
9150,16836,16838
3095,3968,2218
3354,4344,2230
1796,2230,7338
9594,18056,18058
2654,3336,2768
2014,2484,2486
2696,3397,3398
331,372,374
5250,7896,7906
4898,7310,3398
1359,1704,1706
5124,7665,7666
332,372,3976
9656,18186,18188
5361,8124,8110
5114,7657,7658
2809,3558,3560
783,1004,1006
10937,21412,21414
2889,3674,8140
5208,7810,7812
5163,7744,1333
5244,7889,7890
3657,4802,3336
4991,7485,7486
329,370,372
4990,7484,10782
6019,9430,9432
1244,1558,6419
1241,1556,1558
5383,8170,7340
714,870,940
6909,11700,11702
5384,8174,1558
6513,10514,3672
4908,7338,7340
9658,18190,18192
6512,10512,10514
3430,4466,8122
6507,10505,10506
5245,7890,7892
6595,10782,10794
4442,6326,6328
730,900,5964
1041,1346,3650
2885,3670,3672
2812,3560,4242
5183,7771,7769
5218,7824,7876
1245,1562,1564
2698,3398,3400
5127,7668,21799
5222,7828,7830
5122,7664,7668
4909,7340,7342
11100,21794,7771
3351,4342,4344
1793,2228,2230
1246,1562,3976
4897,7308,7310
5246,7892,7894
5247,7892,7910
5255,7908,7910
5382,8170,2228
328,368,370
715,870,18898
2235,2768,2770
2701,3400,7308
1367,1720,1722
327,366,368
3097,3972,1562
350,392,3336
6020,9432,9434
2318,2889,2236
5123,7665,7661
5160,7738,7740
1871,2316,2364
73,76,78
4894,7304,372
347,390,392
3092,3966,22404
3350,4340,4342
4263,5964,5966
2234,2766,3964
1248,1564,1566
1199,1516,368
11219,22116,22208
5117,7660,7664
4899,7310,7312
10906,21344,8628
1190,1507,366
5112,7656,7660
6458,10386,10388
1782,2218,3972
6510,10509,10505
1900,2355,3670
4900,7312,3397
5224,7830,7832
5151,7724,7726
1881,2330,10765
5331,8062,8114
4880,7274,10782
5256,7910,7912
4495,6419,7304
5333,8064,8120
1801,2236,3406
6593,10774,10794
5226,7832,7834
1542,1910,1507
1352,1692,1694
2813,3566,1910
1780,2217,2218
1198,1514,1516
9657,18188,18190
1781,2218,2220
10715,20710,20712
2807,3554,2220
3347,4339,4340
5254,7908,7894
6574,10714,10762
5110,7654,7656
5257,7912,7890
5225,7832,7802
5108,7653,7649
5116,7658,7662
4309,6040,6042
1800,2234,7308
1783,2220,2222
10709,20696,20698
4911,7342,1556
5642,8586,8588
1916,2376,2378
9561,17990,17992
6600,10794,7273
5184,7773,5937
2700,3400,3402
11246,22174,22079
2873,3652,2222
2808,3554,3652
6511,10511,10512
1247,1564,1501
1242,1556,6420
2811,3560,1564
5203,7800,7802
4250,5938,5940
5152,7726,7728
1039,1344,3552
3349,4339,7935
5185,7773,7774
2804,3548,3646
5107,7652,7656
2238,2772,2774
2810,3558,3656
751,940,942
1040,1346,1348
782,1002,1004
1543,1910,1912
5104,7649,7650
5111,7654,7658
9990,18924,18926
1899,2355,2356
1353,1694,1696
6461,10388,10768
2805,3552,3554
6597,10784,10511
9989,18922,18924
1786,2222,3656
5223,7830,7804
9593,18054,18056
5248,7894,7896
4896,7305,2889
1792,2226,4340
1366,1718,1720
5249,7896,7898
5258,7921,7773
1195,1512,1514
1785,2222,2224
4490,6414,6416
6607,10812,6317
1355,1698,1700
2656,3338,2772
4491,6416,6418
3352,4342,7878
353,396,4802
11257,22210,22212
1784,2220,3558
4497,6420,7348
5266,7935,7936
5158,7736,7738
6604,10804,10784
5106,7650,7654
10714,20708,20710
6919,11714,11954
573,696,20708
5173,7762,21794
1191,1507,1662
1348,1687,16036
3658,4802,3676
11473,22908,22910
11218,22116,22118
4907,7328,3400
5240,7878,7921
2655,3336,3338
11222,22122,22124
1249,1566,10590
5149,7723,7724
2237,2770,3548
11239,22160,16036
4912,7348,7350
1794,2228,4342
5267,7936,7940
9977,18898,18900
359,402,8102
5358,8116,8064
3348,4339,4814
6508,10506,10508
542,634,636
1323,1662,1354
3120,4008,1512
5115,7658,7660
1787,2224,10453
6596,10783,10784
5187,7774,7784
6490,10453,8164
8860,16036,22198
11254,22192,22160
11221,22120,22122
5229,7836,7774
4914,7354,8170
5227,7834,7800
6601,10794,10858
1050,1358,4008
5268,7937,7936
325,364,366
1354,1696,1698
9562,17992,17994
4264,5966,5968
5157,7736,7730
324,362,364
6918,11714,11860
4251,5938,7924
6460,10388,10390
4438,6317,6318
349,392,394
2870,3646,5024
3771,5024,10478
1187,1501,3566
5718,8734,8736
4369,6178,4802
5265,7935,2121
3353,4344,1742
4496,6420,4012
4368,6178,3674
11197,22079,22178
6462,10390,10392
4981,7477,10392
5194,7784,7786
1046,1354,2510
5105,7650,7652
4308,6038,6040
5206,7806,7808
5159,7738,7728
2875,3656,8190
6498,10478,8150
11250,22184,22186
11247,22178,22180
5204,7802,7804
5154,7730,7732
5196,7786,7788
4307,6036,6038
1042,1348,10480
1791,2226,2228
2239,2774,2776
6021,9434,9436
4879,7273,7274
1196,1512,4012
2031,2508,2510
11253,22190,22192
6598,10787,10783
4893,7303,7304
2939,3742,10858
1917,2378,10509
3670,4818,22937
543,636,638
572,694,696
3099,3976,3566
5336,8070,8072
5153,7728,7730
5186,7774,7776
11220,22118,22120
3700,4874,4876
5269,7940,7942
5259,7921,7922
2657,3338,3088
2482,3087,3088
2236,2770,2772
1788,2225,2226
3669,4818,4820
2814,3566,10545
5261,7924,7926
5195,7784,7878
321,358,2508
6619,10858,7477
5205,7804,7806
2030,2505,358
1901,2356,2376
6499,10480,8154
4892,7300,4820
5253,7906,7908
1044,1352,1354
5378,8164,8166
3667,4816,4818
1045,1354,1356
3523,4575,8166
5330,8062,8064
5288,7953,7300
1790,2225,4059
4980,7477,7478
4493,6419,1514
5262,7926,7928
5260,7922,7932
6603,10802,10804
320,358,360
6527,10590,8192
326,364,1662
9978,18900,18902
2874,3652,4356
2833,3589,8150
1186,1501,1502
6790,11398,11708
1704,2121,2122
3096,3968,3554
6464,10392,2373
6525,10582,4575
4494,6419,6420
5263,7928,7922
5373,8154,10484
752,942,944
1291,1620,10582
4878,7273,3740
5370,8150,3515
5109,7653,7654
3156,4059,7354
1197,1514,1360
6515,10545,10546
5661,8622,8624
6459,10386,10782
5202,7798,7800
5380,8166,8192
2777,3515,8154
781,1000,1002
2779,3516,10484
1238,1552,7354
2702,3402,2236
3522,4575,4576
11196,22079,22080
3668,4816,7682
1052,1360,2514
1360,1706,1708
11249,22182,22184
5271,7941,7942
4983,7478,10396
11252,22188,22190
2410,3007,3589
3421,4454,3007
1193,1511,1512
1361,1708,1710
5189,7776,7788
4891,7299,7300
1707,2122,2882
11256,22208,22210
5641,8585,8586
3154,4059,1551
6910,11702,11704
5193,7782,7798
6509,10508,10789
780,998,1000
2241,2776,2778
5379,8164,10456
2778,3516,1606
6526,10582,10596
3557,4621,4454
2872,3650,10475
1047,1357,1358
2032,2510,1768
5264,7932,7924
1277,1604,1606
4906,7326,7328
5376,8162,8164
3355,4356,10438
5369,8141,4621
5197,7788,7790
4905,7324,7326
5381,8166,10572
9592,18052,18054
3121,4012,1554
5372,8154,8156
5374,8156,4807
6485,10438,8162
11098,21789,7953
2312,2882,4064
1365,1716,1718
2891,3676,3338
11101,21795,7941
6516,10546,8198
5287,7952,21789
2242,2778,4453
1200,1516,3386
6497,10475,10476
6501,10484,16656
11248,22180,22182
1290,1620,1622
2832,3589,3590
6504,10498,1604
1914,2373,10396
6621,10864,7478
5272,7942,7944
571,692,694
11198,22080,22082
5332,8064,8066
330,370,1910
5387,8192,4576
2888,3674,3676
4498,6424,1552
3665,4814,4816
4982,7478,7480
6505,10498,3516
2890,3676,3087
9988,18920,18922
2936,3739,7274
3122,4012,6424
9151,16838,16840
753,944,946
1414,1768,11180
3155,4059,4060
1706,2122,2124
1293,1622,10600
3338,4329,1511
1048,1357,2511
1292,1622,1624
9115,16656,8156
2935,3739,3740
3158,4062,4064
3157,4060,4062
2036,2512,1358
5136,7694,7682
570,690,692
5274,7943,21795
6492,10456,10582
6463,10390,10774
9114,16656,4808
5156,7734,7736
3560,4622,7480
3118,4002,2512
4265,5968,5970
1789,2225,2880
5198,7790,7778
5199,7790,7792
1275,1603,1604
3117,4000,4002
1288,1618,1620
2776,3515,3516
3080,3949,11180
1284,1612,16656
2483,3088,2776
5275,7944,7946
3119,4002,5552
2871,3650,3652
5155,7732,7734
6467,10396,10398
1194,1511,2573
4266,5970,5972
1049,1358,1360
5386,8190,10572
569,688,690
5285,7951,7952
5188,7776,7778
2691,3386,3388
6602,10801,10802
4306,6034,6036
2411,3008,10498
5284,7950,7952
6491,10456,1618
1362,1710,1712
3160,4064,4066
5672,8640,8642
9591,18050,18052
5190,7778,7780
1240,1554,8170
5371,8150,10498
2033,2511,1663
1286,1616,1618
3159,4062,7362
6500,10484,1608
3558,4621,4622
2409,3007,3008
1915,2374,10801
6530,10600,1497
3162,4066,4068
4050,5552,2901
5120,7662,7664
1043,1349,360
1289,1618,10460
2034,2511,2512
4441,6324,6326
4973,7463,10600
6487,10442,10456
1236,1551,4329
318,356,358
3559,4622,4456
2327,2901,4846
6589,10765,10388
3116,4000,2131
316,354,356
323,360,1352
9979,18902,18904
1715,2131,1855
1181,1497,1498
4971,7456,1498
1276,1603,16596
3163,4068,4070
4499,6424,4329
6727,11220,4068
6684,11002,4339
1184,1498,1500
1708,2124,2126
544,638,640
6916,11712,11714
1279,1606,1608
3424,4456,3008
3686,4846,4000
3422,4454,4456
5277,7945,7946
3461,4502,10442
2975,3792,2131
5283,7949,7950
3524,4576,10596
319,356,1766
2311,2880,7360
2326,2901,2902
1278,1604,10502
4051,5552,3394
6486,10442,1616
1054,1362,3394
1709,2126,11210
5657,8616,8585
6912,11708,11710
5282,7949,7947
5135,7692,7694
1239,1554,1556
5191,7780,7782
6723,11180,3904
3423,4456,1603
6620,10864,7268
2097,2573,5108
6725,11210,7275
1324,1663,1664
5392,8198,10564
3666,4814,7700
3701,4876,4878
3460,4501,8162
3651,4779,5108
6506,10502,16602
568,686,688
1237,1552,1554
1287,1616,10446
6465,10392,10787
2038,2514,5552
9104,16596,3006
6622,10868,16596
5273,7943,7944
2037,2512,2514
5377,8162,10442
2692,3388,3390
6488,10446,7424
1285,1614,1616
1325,1663,3792
6524,10578,7463
4950,7424,3754
4882,7275,11214
5334,8066,8068
1282,1610,1612
545,640,642
1281,1608,10488
3661,4808,4502
2974,3790,3792
2653,3332,2889
5388,8192,8194
4913,7354,2226
6722,11176,3949
5676,8648,8616
3339,4329,4330
1327,1664,1666
6496,10474,10446
754,946,948
5276,7945,7943
3114,3998,4000
3420,4453,4454
2948,3754,3756
2328,2902,352
5673,8642,8644
2652,3330,3332
4904,7322,7324
1185,1500,7452
5289,7953,21792
5278,7946,7948
1002,1300,1302
4267,5972,5974
5270,7941,7937
1705,2121,2225
6503,10488,10474
2035,2511,3874
5390,8194,10548
5281,7948,7950
5130,7682,7684
8863,16040,394
6529,10596,10548
3653,4782,3874
1501,1855,2475
1235,1551,3592
3659,4807,4501
9980,18904,18906
1413,1766,1768
1182,1497,1624
1364,1714,1716
3341,4330,4784
6520,10564,4358
2310,2880,2882
4948,7422,7424
2950,3756,3758
5201,7794,7782
2834,3592,3594
5131,7684,7686
3031,3874,1664
5137,7694,7688
4972,7463,7436
11234,22148,16040
3652,4780,4782
2946,3752,3754
3357,4357,4358
6531,10600,7440
4970,7452,7456
9109,16608,10488
8861,16038,16040
3165,4070,4072
4949,7422,10474
4872,7268,10868
11233,22146,22148
4947,7421,7422
9563,17994,17996
8859,16036,16038
2694,3394,11172
3164,4068,11224
1330,1666,2136
3032,3874,3876
6623,10868,16634
4919,7372,3594
6576,10720,10722
3079,3949,2908
6495,10474,1612
4959,7434,7436
1280,1608,1610
3674,4824,2126
3819,5108,1357
5280,7947,7948
11104,21803,7949
4963,7440,3745
3650,4779,4780
4268,5974,5976
1328,1664,2134
5286,7951,21803
9106,16602,16604
4965,7442,1498
5132,7686,7688
6489,10446,10460
4870,7267,7268
3660,4807,4808
1719,2134,2136
4951,7424,7426
4917,7366,7372
6599,10789,10390
4962,7438,7440
2203,2729,11220
2006,2475,4767
2837,3594,7376
9108,16606,16608
3685,4844,4846
5643,8588,8590
2941,3745,7447
3459,4501,4502
4957,7432,10578
6592,10772,10774
4903,7320,7322
1090,1400,3330
3672,4822,4824
11251,22186,22188
11199,22082,22084
2947,3752,7408
1720,2134,3356
6466,10396,1289
1716,2131,2132
6519,10564,1916
4964,7440,7442
2940,3745,3746
11099,21792,7951
3112,3996,3998
6517,10548,1624
5279,7947,7945
315,352,2906
2096,2573,2574
6721,11172,354
1927,2386,1666
5192,7780,7792
1412,1763,356
3033,3876,2386
2937,3740,3742
1547,1916,16676
1925,2385,2386
4871,7267,7474
11200,22084,22086
2945,3750,7432
4881,7275,7276
4956,7432,7434
1329,1666,1668
1051,1360,1362
6502,10488,7421
6022,9436,9438
8862,16038,22222
5375,8156,10476
9590,18048,18050
6728,11224,4536
1283,1612,1614
3356,4357,1918
3328,4301,3996
5134,7690,7692
3167,4072,7380
4269,5976,5978
3145,4039,2385
6724,11180,4836
2949,3754,7412
2938,3742,2328
2703,3406,3408
1326,1663,4002
2330,2908,3952
2944,3750,3752
3487,4536,11228
6494,10460,10578
322,360,362
996,1289,16724
4918,7368,7366
3671,4820,4822
2693,3390,1362
2329,2906,2908
2942,3746,3748
3166,4072,4074
2671,3352,3790
9107,16604,16606
11232,22144,22146
3110,3994,3996
4270,5978,5980
4966,7442,7446
2672,3356,1858
2099,2574,4779
1476,1824,4039
1718,2132,3356
4953,7428,3752
2406,3005,3006
4939,7408,7410
4941,7412,7414
6729,11228,3602
10939,21416,16634
6590,10768,10770
1502,1855,3998
1332,1668,2138
1363,1712,1714
2840,3600,3602
4946,7421,3758
4984,7480,10868
2842,3602,11232
2952,3758,7420
3082,3952,4840
2699,3398,7318
2005,2475,2476
4936,7405,3750
4938,7406,7408
1928,2386,3880
1717,2132,2134
9981,18906,18908
5148,7716,7700
3169,4074,7390
4968,7447,7446
6523,10578,1620
4961,7438,3746
3683,4836,6436
3485,4534,4536
1505,1858,2476
5335,8068,8070
3687,4846,4518
312,350,352
6914,11710,11712
3675,4824,4826
4439,6318,815
5391,8196,8198
546,642,644
2407,3005,21420
2202,2729,2730
1089,1399,1400
4923,7380,7382
6493,10460,7428
5133,7688,7690
10938,21415,21416
9987,18918,18920
3484,4533,4534
3081,3952,3954
2836,3594,3596
3677,4826,6474
1234,1551,1552
2883,3668,4836
3111,3994,4728
3161,4064,4533
5357,8114,8116
9113,16640,21416
2007,2476,2467
4922,7378,2729
2943,3748,3750
3034,3880,3882
6468,10398,10400
4929,7390,4540
311,348,350
3644,4767,4768
3109,3992,3994
4502,6436,1177
11231,22142,22144
3623,4725,3994
4924,7382,4076
6726,11214,7378
3049,3902,3904
9117,16676,20292
2951,3756,7422
1922,2381,3600
6730,11232,7402
3468,4518,4304
2204,2730,2732
5389,8194,8196
2839,3596,7298
4305,6032,6034
1545,1914,1916
4969,7452,7454
3035,3882,1668
3655,4798,4725
4920,7377,2732
6023,9438,9440
3045,3897,3668
4931,7398,7402
3146,4039,3882
6518,10548,10564
4952,7426,7428
10556,20292,20294
5147,7714,7716
3645,4768,3364
5675,8646,8648
755,948,950
4945,7418,7420
9116,16676,16678
3624,4728,1460
567,684,686
3684,4840,350
5145,7712,7714
1721,2136,1860
1926,2385,4780
4503,6436,1869
4440,6322,6324
2709,3418,1399
1878,2326,2328
1145,1458,1460
2838,3596,2381
3113,3996,4304
6521,10568,7454
9589,18046,18048
1504,1858,1860
3048,3900,3902
3643,4767,4301
1544,1913,1914
4978,7474,7476
4967,7446,1500
3036,3882,1828
1053,1362,362
11238,22158,22160
5200,7792,7794
3358,4358,10568
2680,3370,4798
1722,2136,2138
5674,8644,8646
1911,2371,10864
4954,7428,7430
1913,2373,2374
6024,9440,9442
2673,3356,4794
6522,10568,16628
4975,7465,7476
915,1178,3668
3654,4794,1856
3673,4822,7526
6555,10664,10666
3463,4505,4622
5228,7834,7836
1143,1456,1458
4304,6030,6032
1512,1869,4318
2378,2960,3370
2704,3408,3410
6025,9442,9444
4925,7382,7384
9986,18916,18918
3682,4836,3952
4926,7384,7386
1493,1846,3370
673,815,816
2408,3006,10502
2881,3664,1178
3490,4540,7394
1546,1916,1918
314,352,354
4955,7430,7432
1146,1460,1462
1724,2138,1862
6528,10596,1622
2205,2732,7382
1475,1824,1826
1513,1870,3664
2670,3352,2132
2879,3660,1870
309,346,348
3168,4074,4076
6469,10400,4505
3335,4318,4519
3047,3898,3900
4584,6638,1846
995,1289,1290
1921,2381,2382
9110,16628,16630
3331,4304,4728
1877,2325,2371
5029,7526,7528
914,1178,1180
912,1177,1178
3170,4076,4078
5032,7528,7604
4974,7465,7466
3471,4519,4520
5144,7712,7704
2882,3664,6442
310,346,6432
11230,22140,22142
5030,7526,7606
4927,7386,7388
4943,7416,3756
3088,3958,4519
1479,1828,3886
9118,16678,1509
4933,7399,7398
2690,3383,1462
2679,3370,2962
3173,4078,4080
2674,3364,3366
4504,6442,10627
1144,1456,3992
1473,1822,1824
308,344,346
1474,1822,4942
6911,11704,11398
2669,3351,3352
3626,4730,3383
3037,3886,1672
4928,7388,4078
5146,7714,7702
10557,20294,20296
2880,3660,4322
1511,1869,1870
2676,3366,4772
3087,3958,1466
1183,1497,10568
10617,20460,3886
5138,7700,7702
1507,1862,1838
6026,9444,9446
5140,7704,7706
3676,4826,4828
4271,5980,5982
1142,1454,1456
3647,4772,1842
756,950,952
1478,1828,1670
305,340,3958
3462,4505,1290
4940,7410,7412
3486,4536,4538
10558,20296,20298
4538,6560,4828
10613,20450,1826
1471,1820,1822
4960,7436,7438
5139,7702,7704
3340,4330,2384
1723,2138,1834
4272,5982,5984
4916,7364,7366
2878,3658,3660
674,816,818
2847,3608,7399
10605,20432,4942
6543,10627,7959
1490,1842,4776
10604,20432,1820
6027,9446,9448
5143,7710,7712
3083,3954,3956
304,340,342
5292,7959,7960
3171,4076,4542
2098,2574,2379
10590,20408,7386
2708,3416,3418
2841,3602,3604
5293,7959,8004
1484,1836,1838
10864,21232,6638
4273,5984,5986
1503,1856,1858
10602,20431,20432
3491,4542,3608
3488,4538,4540
3086,3956,4318
4958,7434,3748
10941,21420,16638
6618,10858,2325
10589,20408,3120
4976,7466,7468
3656,4798,4800
779,996,998
2994,3813,6638
4937,7405,7406
306,342,344
1492,1846,1848
4500,6428,346
4883,7276,7278
1335,1672,1674
1548,1918,1510
3625,4728,4730
3115,3998,4518
3649,4778,21232
303,339,1466
1334,1670,1832
2993,3813,2940
2835,3592,7368
3489,4540,4542
4006,5473,4080
4934,7402,2382
3646,4768,4798
2000,2467,2468
2705,3410,3412
5885,9124,6560
757,952,954
2361,2940,3816
1477,1826,1828
913,1177,3664
1472,1820,20438
2001,2467,3364
2846,3608,3610
3038,3886,3138
1885,2333,1836
1725,2142,2333
1336,1674,1676
4303,6028,6030
9111,16630,4357
3334,4318,3660
3680,4828,6567
4902,7318,7320
2375,2958,2960
9982,18908,18910
2844,3606,3608
4302,6026,6028
1495,1848,2938
3172,4078,1166
1486,1838,1866
2376,2958,15352
2500,3120,3122
4935,7402,4334
901,1164,1166
4007,5473,5476
10587,20407,7388
3329,4301,4725
2360,2940,2860
10862,21170,5476
4884,7278,7280
1481,1832,3794
1147,1462,339
2379,2962,1852
566,682,684
10603,20431,20860
4301,6024,6026
2707,3414,3416
5095,7606,7601
2877,3658,1170
9105,16596,16638
2514,3138,1674
4915,7362,7364
5141,7706,7708
1482,1834,1836
9564,17996,17998
2845,3606,7398
5644,8590,8592
10559,20298,20300
2294,2858,2860
4274,5986,5988
2499,3118,3120
3330,4304,3327
2498,3117,3118
2381,2964,1848
10940,21417,21415
4979,7476,10864
10588,20407,20408
5656,8614,8616
6734,11248,7377
1483,1834,2142
2002,2468,1840
7335,12574,2960
1498,1852,1854
4501,6432,3954
5312,8002,8004
1469,1819,1820
11229,22138,22140
1918,2379,2380
1141,1452,1454
2976,3794,2142
2995,3816,3818
3483,4533,3596
4944,7416,7418
3333,4314,3956
5655,8612,8614
11228,22136,22138
11237,22156,22158
1331,1668,1670
1886,2333,1866
1923,2382,2384
1499,1854,2208
5094,7604,7600
2359,2938,3124
4977,7468,2372
1489,1842,1844
6732,11242,7278
6733,11246,11248
565,680,682
3046,3897,3898
5294,7960,1681
1491,1844,1846
10616,20460,3136
2515,3138,3890
3729,4942,4944
1773,2208,2210
2380,2962,2964
3622,4725,2957
3343,4334,20424
2724,3440,1844
4275,5988,5990
3342,4334,4336
10598,20422,20424
10753,20860,20862
9565,17998,18000
4581,6630,4778
2503,3126,2210
1920,2380,4932
1494,1848,1850
3085,3956,3958
675,816,842
6731,11240,11242
5031,7528,7530
2876,3657,3658
4888,7283,11240
1485,1838,1840
4545,6567,7286
10597,20422,2582
10601,20429,20862
5092,7601,7528
6028,9448,9450
4887,7283,7284
6029,9450,9452
4886,7280,3117
2295,2860,2862
5089,7597,7530
2513,3136,20454
11227,22134,22136
547,644,646
1139,1451,1452
1924,2384,4334
2377,2960,2962
1912,2372,2326
3039,3890,1676
4921,7377,7378
2358,2938,2940
3648,4776,4778
10615,20454,3890
1192,1509,1510
1919,2379,2578
3332,4310,342
10599,20424,20866
6546,10641,7960
2510,3135,3136
2651,3327,3381
9983,18910,18912
313,350,4844
2100,2578,2580
5295,7960,7962
564,678,680
778,994,996
1337,1676,1678
5091,7600,7596
1775,2210,2212
2848,3610,3612
1338,1678,1680
1500,1855,1856
9112,16638,16640
1339,1678,3794
1591,1976,4730
2004,2474,6630
1340,1680,6580
5034,7530,7600
2374,2957,2958
2003,2472,2474
5090,7597,7593
1496,1850,1852
1506,1860,1862
2502,3124,3816
2849,3610,21248
907,1170,3162
4300,6022,6024
4890,7286,20407
3470,4519,3658
9174,16896,1819
307,342,4314
1342,1681,10646
905,1168,1170
1487,1840,1842
5087,7593,7589
4885,7278,11246
1480,1832,1834
3681,4831,3897
11236,22154,22156
10756,20868,2580
3344,4336,4338
1341,1681,1682
2373,2957,1451
5086,7593,7532
5093,7601,7597
4276,5990,5992
4592,6658,2862
1470,1819,20431
4942,7414,7416
10606,20438,4936
3730,4944,4946
2103,2582,1819
3346,4338,12292
10755,20866,20868
1876,2325,2326
903,1167,1168
1497,1850,3124
669,810,6322
3084,3954,6436
3727,4936,4938
317,354,11176
4932,7399,4336
9566,18000,18002
2687,3381,1975
4277,5992,5994
7199,12292,12294
5035,7532,7534
1772,2204,12574
1589,1975,1976
10611,20446,3135
5313,8004,1682
2512,3136,3138
5645,8592,8594
2531,3162,3164
6030,9452,9454
548,646,648
2996,3818,2212
1910,2371,2372
916,1180,10641
1509,1866,1868
1343,1682,1684
10560,20300,1914
2533,3164,3700
2522,3145,16896
2293,2856,2858
2678,3368,3440
3469,4518,6428
4930,7394,3606
10610,20445,20446
2102,2580,20872
4889,7284,7286
549,648,650
10614,20450,20460
7219,12328,4338
9985,18914,18916
2677,3368,3370
4281,6000,6022
3678,4826,7283
2843,3604,3606
4591,6656,6658
10754,20862,4946
10612,20446,20454
5311,7998,1684
10865,21248,21250
1345,1684,1686
2526,3154,20429
2521,3145,3146
10866,21250,12324
1774,2208,12604
3726,4934,4936
5654,8610,8612
2688,3381,4310
563,676,678
668,809,810
977,1261,2474
4278,5994,5996
8607,15352,2202
1346,1684,8002
5033,7530,7532
5646,8594,8596
2523,3146,3129
5142,7708,7710
2101,2580,2582
7217,12324,12326
7216,12324,12294
5296,7962,7964
4554,6580,2824
2532,3162,4746
4590,6654,6656
6031,9454,9456
5036,7532,7596
1777,2212,3822
5088,7596,7592
9588,18044,18046
2504,3129,3130
2511,3135,20450
3728,4938,1822
911,1176,1686
777,992,994
2689,3383,340
5653,8608,8610
10595,20418,3146
5084,7589,7583
6032,9456,9458
1510,1868,6600
926,1194,1678
2905,3695,1167
7218,12326,12328
1508,1866,1261
3731,4946,11456
5303,7980,4746
758,954,956
2675,3366,3368
1488,1840,2472
2286,2843,3813
9567,18002,18004
2273,2824,6584
5652,8606,8608
776,990,992
11235,22152,22154
3040,3890,3892
4589,6652,6654
9587,18042,18044
6033,9458,9460
4588,6650,6652
775,988,990
4586,6649,6650
909,1174,1176
1516,1872,1176
2529,3160,3162
5080,7583,7579
774,986,988
3345,4336,16892
3627,4746,4748
5076,7579,7538
6547,10646,10648
976,1261,1262
5083,7589,7534
8572,15272,809
4583,6633,2843
10609,20445,3894
2530,3160,4328
2285,2843,2844
5305,7984,3700
908,1172,1174
3042,3894,1194
5041,7538,7540
10592,20413,20418
1776,2212,2214
9586,18040,18042
981,1268,6649
4585,6647,6633
2525,3152,3154
5077,7579,7578
6591,10770,10772
910,1174,3160
904,1167,3164
4565,6600,2797
562,674,676
759,956,958
4587,6649,9506
2907,3700,9641
2527,3156,1872
6704,11130,6647
11213,22106,22134
2706,3412,3414
1026,1331,3156
7201,12294,20415
6118,9641,9642
4280,5998,6000
1009,1309,3154
1515,1871,4328
561,672,674
5651,8604,8606
550,650,652
925,1192,1194
2906,3700,7988
5043,7540,7542
6548,10648,10650
6049,9506,9508
11211,22104,22106
4279,5996,5998
1025,1331,1332
5044,7540,7578
924,1190,1192
302,339,340
10757,20872,20438
1008,1309,1310
5306,7984,8018
3628,4746,7984
6050,9508,9510
11210,22102,22104
5073,7575,7540
2524,3150,3152
1010,1310,1312
2363,2943,11130
696,842,844
551,652,654
5075,7578,7571
1592,1979,1172
2501,3124,3126
10600,20429,16896
6051,9510,9512
2292,2854,2856
10596,20418,16892
3629,4748,9648
4580,6628,6630
3725,4932,4934
3679,4828,4830
4004,5471,4830
11212,22106,22108
2505,3129,3150
980,1266,1268
5042,7538,7582
5297,7964,7966
1770,2202,2204
9984,18912,18914
760,958,960
6048,9500,1268
5650,8602,8604
2296,2862,2214
6812,11456,20445
4578,6624,2797
1333,1670,1672
1011,1312,1184
6674,10978,15272
11201,22086,22088
1590,1976,1978
2258,2797,6604
1771,2204,1854
5298,7966,7968
1027,1332,8006
5317,8012,3156
6119,9644,4748
5045,7542,7544
2650,3327,1978
5318,8018,9644
10591,20413,3150
5046,7542,7574
9172,16892,3145
10593,20415,1309
3336,4323,1174
6047,9498,9500
3041,3892,3894
11205,22092,22152
9585,18038,18040
6549,10650,10652
5070,7571,7542
11214,22108,22110
922,1188,1190
902,1166,3610
1015,1317,2943
978,1262,1264
5039,7536,7538
1140,1451,2202
11202,22088,22090
11203,22090,22092
2291,2852,2854
5314,8006,8008
5304,7980,8016
6120,9648,9650
697,844,846
552,654,656
923,1188,1330
553,656,658
761,960,962
3634,4752,11130
10594,20415,20413
2290,2850,2852
919,1182,1184
560,670,672
5299,7968,7970
6673,10976,10978
906,1170,1172
6811,11454,11456
1778,2214,2216
6044,9490,1330
3337,4328,7980
5074,7575,7574
9584,18036,18038
2257,2797,2798
6121,9650,8016
9568,18004,18006
2528,3156,7992
1344,1682,10634
1517,1872,3160
554,658,660
5647,8596,8598
979,1264,1266
6034,9460,9462
1024,1330,9494
5078,7582,7575
1514,1871,1872
11204,22092,22094
4579,6627,6628
5079,7583,7536
5307,7988,7990
11206,22094,22096
2259,2798,2800
5316,8010,8012
4577,6622,6624
773,984,986
5300,7970,7972
5308,7992,7994
2289,2848,2850
6544,10634,10636
5648,8598,8600
4576,6620,6622
3467,4512,1871
8571,15269,10978
5082,7586,7582
555,660,662
5048,7544,7570
5649,8600,8602
2287,2844,2846
5096,7624,7570
6545,10636,1331
6046,9496,9498
9569,18006,18008
5072,7574,7567
9173,16892,20422
1014,1317,1318
920,1184,1186
698,846,848
9570,18008,18010
1016,1318,1320
5067,7567,7544
5301,7972,7974
921,1186,1188
4553,6578,11454
6672,10974,10976
559,668,670
2260,2800,2802
558,666,668
6052,9512,9514
3466,4510,4512
2288,2846,2848
557,664,666
10620,20476,2802
9583,18034,18036
5047,7544,7546
11209,22100,22102
2279,2832,6578
3465,4508,4510
5049,7546,7548
2278,2832,4948
5302,7974,7976
4594,6662,1317
6045,9494,9496
1017,1320,1322
5071,7571,7624
5064,7563,7546
5315,8008,8010
1018,1322,1324
2261,2802,2804
11208,22098,22100
5050,7546,7566
11207,22096,22098
5310,7996,7998
917,1181,1182
2275,2830,2832
9582,18032,18034
556,662,664
1019,1324,6686
2276,2830,3860
1779,2216,6661
3023,3860,3862
4593,6661,6662
918,1181,9490
5068,7567,7566
6550,10652,10654
2277,2832,2834
5309,7994,7996
4574,6619,6620
5069,7570,7563
3464,4507,4508
4575,6619,6690
5051,7548,7550
4608,6690,6692
5053,7550,7552
762,962,964
6671,10972,10974
4609,6692,6694
4606,6682,1324
9571,18010,18012
5056,7552,7646
5065,7563,7562
763,964,966
5101,7646,7642
5063,7562,7555
2262,2804,2806
5060,7558,7646
4605,6680,6682
9572,18012,18014
5055,7552,7554
9573,18014,18016
2263,2806,2808
9581,18030,18032
4604,6679,6680
9574,18016,18018
699,848,850
764,966,968
5054,7550,7558
5057,7554,7642
5098,7636,7552
4610,6694,6696
5100,7638,7554
4607,6686,6619
700,850,852
4611,6696,6698
765,968,970
4612,6698,6700
5059,7555,7634
5058,7555,7550
4613,6700,6702
766,970,972
772,982,984
771,980,982
770,978,980
5097,7634,7636
5062,7559,7558
9575,18018,18020
2264,2808,2810
2265,2810,2812
6670,10970,10972
9580,18028,18030
9579,18026,18028
9576,18020,18022
769,976,978
9578,18024,18026
5099,7636,7638
767,972,974
4614,6702,1327
701,852,854
1023,1327,6706
768,974,976
4615,6706,1280
989,1278,1280
987,1276,1278
9577,18022,18024
986,1274,1276
988,1276,1282
6669,10968,10970
991,1282,1284
992,1284,1286
990,1280,6710
2266,2812,2814
985,1272,1274
2267,2814,2816
6668,10966,10968
993,1286,1288
4616,6710,1212
6667,10964,10966
6666,10962,10964
994,1288,21076
6665,10960,10962
10844,21076,12276
7182,12276,12278
10733,20772,12278
6664,10958,10960
6663,10956,10958
6662,10954,10956
10732,20770,20772
6661,10952,10954
10731,20768,20770
6660,10951,10952
